/*--------------------------------*- C++ -*----------------------------------*\
  =========                 |
  \\      /  F ield         | OpenFOAM: The Open Source CFD Toolbox
   \\    /   O peration     | Website:  https://openfoam.org
    \\  /    A nd           | Version:  9
     \\/     M anipulation  |
\*---------------------------------------------------------------------------*/
FoamFile
{
    format      ascii;
    class       volScalarField;
    location    "0.01";
    object      H2;
}
// * * * * * * * * * * * * * * * * * * * * * * * * * * * * * * * * * * * * * //

dimensions      [0 0 0 0 0 0 0];

internalField   nonuniform List<scalar> 
1800
(
0.00287408103980997922
0.00256488069751543719
0.0019982958525405054
0.00104368312464528335
0.000343197576254542782
9.57756467991688408e-05
2.32485339689819439e-05
5.00055255032216905e-06
9.68100214011949546e-07
1.70690525692244718e-07
2.76799977761284241e-08
4.1598245774995318e-09
5.83277101202948067e-10
7.67098708198765837e-11
9.57820724510130703e-12
0.00287565204132082244
0.00258451226060944696
0.00205078501851179871
0.00115195934785921879
0.000402832103536491604
0.000119161064456803359
3.06427615497897711e-05
6.9744380653977853e-06
1.42588729255901955e-06
2.6505386283571414e-07
4.52352382242795518e-08
7.14650440204690003e-09
1.05209043769502144e-09
1.45154251332400942e-10
1.90051015237672904e-11
0.00287600566002136964
0.00258745329690637533
0.00205874399041732067
0.00116736777835017001
0.0004113103800392612
0.000122464180201618898
3.16946909414743554e-05
7.25998063411775516e-06
1.49370421689347622e-06
2.7941494461255276e-07
4.79881000548956674e-08
7.62740974751470127e-09
1.12956252588312713e-09
1.5675857222185037e-10
2.06428922648229182e-11
0.00287586203386966301
0.00258543652187665949
0.00205387076145203441
0.00115826736081745072
0.000407263396339180761
0.000121230371455636774
3.13959811957585877e-05
7.20030640015244967e-06
1.48369484052409677e-06
2.77980304784641079e-07
4.78154329234741904e-08
7.61223692107352296e-09
1.12909017601753362e-09
1.56912783664426431e-10
2.06913027790573129e-11
0.00287582679461627876
0.00258545759505705505
0.00205388288959663197
0.0011581631653744325
0.000407091132072835303
0.00012112440755686929
3.13540473276263201e-05
7.18772407892472547e-06
1.48058474748055345e-06
2.77342064936280034e-07
4.77003828193100416e-08
7.5929357035908075e-09
1.12615671642435757e-09
1.56510428031509454e-10
2.06391231675365412e-11
0.0028757380266479322
0.00258436149917379027
0.00205111089479462173
0.00115274923096998078
0.000404406307279655066
0.000120211775959570976
3.11052432837491044e-05
7.13090885268486438e-06
1.46934830242085715e-06
2.75357721896020559e-07
4.73837038315451192e-08
7.54712308877726266e-09
1.12000926314582635e-09
1.55734163356282917e-10
2.05468581587680274e-11
0.00287572979211858258
0.00258450668218231571
0.00205148794171157575
0.00115347788959676363
0.000404736031565032159
0.000120298487478157212
3.11206979720448325e-05
7.13212875332970195e-06
1.46906790030950633e-06
2.75219083398682058e-07
4.73458984400236898e-08
7.53888343285137688e-09
1.11853198905393661e-09
1.55504413231568347e-10
2.05138842551597267e-11
0.0028756908084502362
0.00258397966605328081
0.00205009578379601598
0.0011506253339284699
0.000403224493552144291
0.00011975977026043912
3.09686372373454299e-05
7.09659613450989997e-06
1.4619327945549513e-06
2.73949815042597239e-07
4.71438158103993736e-08
7.50978786159389262e-09
1.11465589399030857e-09
1.55021046584026834e-10
2.04569386989716981e-11
0.00287569250845494092
0.00258413146590642925
0.00205052534610774325
0.00115156934470782356
0.000403744724791343359
0.0001199406560493679
3.10171901086622563e-05
7.10692500758383976e-06
1.463748764610468e-06
2.74222058011177001e-07
4.71770608656383225e-08
7.5128239076958743e-09
1.114812511356314e-09
1.5500978516187895e-10
2.04519496793643274e-11
0.00287567695027772952
0.00258388552494854097
0.00204982734465356019
0.00115002739400467966
0.000402853968718518216
0.000119603975869097146
3.09186330380181075e-05
7.08351659170101439e-06
1.45902428834598388e-06
2.73385939770775869e-07
4.70458975428419292e-08
7.49422438667162013e-09
1.11236790696811975e-09
1.54707173685875796e-10
2.04166051465715357e-11
0.00287567806336779539
0.00258389382818424241
0.00204985332514704766
0.00115009427479407654
0.000402902792189224822
0.000119625272457043506
3.09253335423572803e-05
7.08519075364416196e-06
1.45937934403875704e-06
2.7345269511357821e-07
4.70572816120403545e-08
7.49602291325922259e-09
1.11263463854470796e-09
1.54743985283738298e-10
2.04212123563446071e-11
0.00287569459455623263
0.00258414385303978129
0.0020505571206313679
0.00115163746016539435
0.000403784461915574389
0.000119955372159868934
3.10212100334495965e-05
7.10779116710578318e-06
1.46390261244631206e-06
2.74245454433686888e-07
4.71801087993283603e-08
7.51316728227764337e-09
1.1148454294426778e-09
1.5501198371036418e-10
2.04518930811594641e-11
0.0028756908890789452
0.0025839782982873356
0.00205009116006874773
0.00115061106573951231
0.000403211391647703905
0.000119753635046209321
3.0966714411009193e-05
7.09613233350818758e-06
1.46183708589281686e-06
2.7393141233621057e-07
4.71404078663028124e-08
7.50918010867671181e-09
1.11455238570871079e-09
1.55004715793813254e-10
2.04546211856776745e-11
0.00287573012740894749
0.00258451061657557048
0.00205149816528616986
0.00115350013661711455
0.000404746926963186267
0.000120300969619634038
3.11206860803841959e-05
7.1319149579817961e-06
1.46898140822739631e-06
2.75196941320235414e-07
4.73414024466688579e-08
7.5380772878502976e-09
1.11839701764931911e-09
1.55483153462638621e-10
2.0510723399239546e-11
0.00287573704153302372
0.00258435572289458185
0.00205109627858576045
0.00115271775444007849
0.000404388086851206285
0.000120204865483288325
3.11030907602317448e-05
7.13032003087102364e-06
1.46920534327262651e-06
2.75326513727545101e-07
4.73774648230810231e-08
7.54597834415440469e-09
1.11981773703938972e-09
1.55704632784746636e-10
2.05425482939802983e-11
0.00287582576972333871
0.00258545229477678698
0.00205386891084545541
0.00115813266677123228
0.000407069090183932887
0.000121114180604619523
3.13504147461393925e-05
7.18666898259657682e-06
1.48032189912127624e-06
2.77284687546257491e-07
4.76892448671204422e-08
7.59098875719666869e-09
1.12583993877867078e-09
1.56462300840874851e-10
2.06323929918600088e-11
0.00287585998231408525
0.00258542567862676429
0.00205384316620722471
0.00115820792064502795
0.000407221276328671407
0.000121210876312057003
3.13891536563975631e-05
7.19838883675474715e-06
1.48324254429438143e-06
2.77887101249334234e-07
4.77981110260835537e-08
7.60927175606146565e-09
1.12862601597497917e-09
1.5684657581916743e-10
2.06824347242185654e-11
0.00287600228503676622
0.00258743730197963113
0.00205870434658297604
0.00116728704204267807
0.000411257742182196068
0.000122440225157439351
3.16860848449033143e-05
7.25747548280639164e-06
1.49309355683087121e-06
2.79286445368929518e-07
4.79642272984374822e-08
7.62346622782899738e-09
1.12896846890724012e-09
1.56674418092120124e-10
2.06311933989995523e-11
0.00287564531423874703
0.00258447349571470789
0.00205068776678901795
0.00115175718170388956
0.000402714198999863714
0.000119114690465173641
3.06284704766595693e-05
6.97077945101938808e-06
1.42507966966836402e-06
2.64896525309427267e-07
4.5207824237792933e-08
7.14214559631210916e-09
1.05144925889467302e-09
1.45069396589338951e-10
1.89743586611313541e-11
0.00287407338128736929
0.00256482831024202815
0.00199816281732424685
0.00104342075279000002
0.000343064932996225654
9.57298518685302427e-05
2.32362115550779085e-05
4.99779221157079819e-06
9.675611957857533e-07
1.70595572071793173e-07
2.7664540511560839e-08
4.15746532279761701e-09
5.82934051673582029e-10
7.67291856921936975e-11
8.74296156832735517e-12
1.28439393584690943e-12
1.8144952829008605e-13
2.44757387696339707e-14
3.16150049003271496e-15
3.91669191795888847e-16
4.65388765835370769e-17
5.61199819284379682e-18
6.96813724153561535e-19
8.21327002629601191e-20
1.64213677696876613e-20
1.73638869146028778e-21
3.11374232588677853e-22
3.2173939557786058e-23
3.17618589457284716e-24
2.82856302511805239e-25
4.36782593586750455e-26
3.62461076598732562e-27
4.99302799698391782e-28
6.77296901305548161e-29
9.48859691303622388e-30
7.18822272248866817e-31
9.69710421020932344e-32
7.07663680573946715e-33
9.26568802902302482e-34
6.93094623750106577e-35
5.14685866631185704e-36
3.75843010013790227e-37
2.61075713320786257e-38
3.04782797336164757e-39
3.69113028911765799e-40
2.60116334602292734e-41
1.80017911580012322e-42
1.20980621127795194e-43
1.40861203868268662e-44
8.89068498371880232e-46
1.01063138157890244e-46
6.5390719138100221e-48
4.17624634994535642e-49
2.63670950764687532e-50
1.57085527714366375e-51
1.68996277696678518e-52
1.03185842597817183e-53
6.26450061587030508e-55
6.52217152020522671e-56
3.86123724683333624e-57
2.37676635258239119e-58
1.56312178218380523e-59
9.87516143528231759e-61
6.54720482633259393e-62
6.82055809599113547e-63
4.00420894774983188e-64
2.4423590984846697e-65
2.6377770971748638e-66
1.5911423682810191e-67
1.06351438766442444e-68
6.78267343470797875e-70
4.1978757039174502e-71
6.47544288655177073e-72
2.60069695863405953e-72
2.37781745260926873e-72
2.36517657879334333e-72
2.36610610229732072e-72
2.3651251810428214e-72
2.36387131961116755e-72
2.36470037425214056e-72
2.36899954190583734e-72
2.36697218856775408e-72
2.36496417297598935e-72
2.36524370089324054e-72
2.36962806664620648e-72
2.3667307010502891e-72
2.36509063030809544e-72
2.36519711401890302e-72
2.36578489279735555e-72
2.36678902660380365e-72
2.66265376803243185e-12
3.92503114476869245e-13
5.52333058456205706e-14
7.43978191790640025e-15
9.60341602122492437e-16
1.19782240782930088e-16
1.4636934789218843e-17
1.64410787004486554e-18
3.31885623365977749e-19
3.90100393451194992e-20
4.42617388495622217e-21
4.49394546527715764e-22
8.04185680806349497e-23
8.15012557967378442e-24
8.08712960774526029e-25
7.79972311794438022e-26
7.31008766667643849e-27
6.27842757045068504e-28
9.67420895072758415e-29
8.71247095863563466e-30
7.66133461253702986e-31
6.63527094581357289e-32
5.44563215076447186e-33
7.82369288100772219e-34
6.01238557798918005e-35
8.29248856742189599e-36
6.27168509516563468e-37
8.54136900044168778e-38
6.25330660875531519e-39
7.69257807991803346e-40
9.82514335229466987e-41
6.7282539264411348e-42
8.35140045166962777e-43
5.86991916187215244e-44
3.85896735442756745e-45
4.60890723207682539e-46
3.10906831264454996e-47
2.066711833239121e-48
1.38303182498358709e-49
8.68197855240239925e-51
9.91635255829063776e-52
6.09572493062979753e-53
6.68964895519578311e-54
4.21423915888738605e-55
2.5854714729435819e-56
2.67916120038034198e-57
2.82643939093929453e-58
1.60536123682379226e-59
1.6641965309324595e-60
9.70431557331413849e-62
5.45172583596188653e-63
5.35118687083945808e-64
5.42569433375730211e-65
3.04521339407837793e-66
3.02987357676991845e-67
1.74605502946583849e-68
1.04575934144782158e-69
1.93599378041656837e-70
1.0693917068159982e-70
1.02573236445706281e-70
1.02184291923270768e-70
1.02297868832857437e-70
1.02239292381382107e-70
1.02151832597026935e-70
1.02187719120867085e-70
1.02429648545672494e-70
1.02283780557254206e-70
1.02196213209993617e-70
1.02213177771004235e-70
1.02476371651522061e-70
1.02264621286309744e-70
1.02204252717076132e-70
1.02214741661330822e-70
1.02243460016029969e-70
1.02288698189311472e-70
2.90782023226224567e-12
4.31004333138366155e-13
6.0984009948722659e-14
8.25770528663478317e-15
1.07263735341706904e-15
1.34104527906964341e-16
1.49271163485257394e-17
2.71013931854067667e-18
5.19120883113182222e-19
5.73327540775860016e-20
6.24013682677595092e-21
6.15472935586430489e-22
1.07716021993302622e-22
1.00557110037876352e-23
1.67741664365352536e-24
1.59640259881203071e-25
1.50707956231249043e-26
1.30345821848439394e-27
1.88420434450652444e-28
2.83501064930527855e-29
2.46834462318109583e-30
1.98373818804544557e-31
2.83133005241303703e-32
2.30112453069350491e-33
1.73162425432133076e-34
2.2356650644326205e-35
2.84840120532539944e-36
3.74044272002596675e-37
2.81518141097210905e-38
1.97770053166664201e-39
2.52327900755306004e-40
1.73000944457451388e-41
2.12864828194503951e-42
1.50041582996543317e-43
9.91092085497195427e-45
1.17518857279861584e-45
7.98010017073630335e-47
5.0931476793257165e-48
5.82658088814220966e-49
3.62922898071664097e-50
4.11911332524284899e-51
2.6336108752904453e-52
1.62593857437273691e-53
1.70713386299274723e-54
1.85662660570831028e-55
1.13902317919220438e-56
6.92860747806881236e-58
3.98674041243152111e-59
4.13631397092281489e-60
2.30953156793344488e-61
2.25541150347892051e-62
2.17134954501006131e-63
2.07714097914911535e-64
2.04577150724640995e-65
1.09545440900691071e-66
1.10162139431308249e-67
1.01056776729213095e-68
4.62579980452707507e-69
4.3259354153346589e-69
4.3109019652159016e-69
4.31110678899821538e-69
4.3145401937059817e-69
4.31107956753852422e-69
4.31066758367387447e-69
4.31201016121282594e-69
4.31300515868042239e-69
4.31483694546863103e-69
4.31220380632981806e-69
4.31325613856754479e-69
4.31497956352954494e-69
4.31302843680148768e-69
4.31282863298555161e-69
4.31358901545446148e-69
4.31494494191295028e-69
4.31692059124955172e-69
2.91848201981895086e-12
4.3303910500388379e-13
6.13257307560862222e-14
8.31203298337561919e-15
1.08083402708789997e-15
1.34998179429012376e-16
1.64284137757268204e-17
1.84630617254370714e-18
3.81039984380725924e-19
4.3011723147708143e-20
8.67345168833021915e-21
1.01942989321156454e-21
1.15887183004788546e-22
1.18506964779464279e-23
2.11908188708572025e-24
2.02228888051698051e-25
3.42111069241707938e-26
3.28813432891048343e-27
2.88022128268482035e-28
4.26164157604851451e-29
6.48330101088145504e-30
5.65263479787095908e-31
4.83375446352162392e-32
4.03865112617318304e-33
3.15172221030715115e-34
4.19640684400718929e-35
5.80537936426596501e-36
4.40973802623821901e-37
5.89637340859542336e-38
4.29482675203278527e-39
5.64716405818494001e-40
4.31851659427403114e-41
3.07836039786851427e-42
3.85516236280322496e-43
2.72195985058208484e-44
1.84710770444689159e-45
2.21586115322191313e-46
1.50068386584820602e-47
9.55718793084434071e-49
1.05460437981150123e-49
1.19353128031842988e-50
7.25884597331349346e-52
8.03621834416429247e-53
4.78853278346024677e-54
5.20308778687665019e-55
3.18213473995071222e-56
1.94599493587045943e-57
1.17617613271266757e-58
7.04709499992639243e-60
3.99338737789721386e-61
4.08490769087585896e-62
2.28006599415457427e-63
2.30184808722517221e-64
1.27525658389821201e-65
1.41513759065456179e-66
2.39738250848010608e-67
1.79771541026846056e-67
1.73687262476529947e-67
1.73327513444162666e-67
1.73315277652376162e-67
1.73337495300666144e-67
1.73437607020034544e-67
1.73350089523581964e-67
1.73364888612116734e-67
1.73367696214722342e-67
1.734190425262295e-67
1.73482235774644146e-67
1.73397963675422996e-67
1.73477150255418252e-67
1.7348759328981281e-67
1.7343744224159095e-67
1.73446818078691093e-67
1.73478573453141734e-67
1.7353483461045707e-67
1.73613255147792328e-67
2.91135505153911796e-12
4.32078050374887804e-13
6.12060269934589429e-14
8.29729466488107796e-15
1.07919365533286442e-15
1.35027267801846725e-16
1.63211449161862064e-17
1.7737790796436697e-18
3.47584935048728e-19
3.66954250228349565e-20
6.44557456788687197e-21
1.18971726400465128e-21
1.17955372507359351e-22
2.09195158416253819e-23
1.99881016203116544e-24
3.19319650602395329e-25
5.32561681209782484e-26
5.07422081503280521e-27
4.42519211585407087e-28
6.93407125645468403e-29
5.82942176969671085e-30
8.7271203431402243e-31
7.44444515642671933e-32
5.8414184086801783e-33
7.79168745642863271e-34
1.02009801510990201e-34
1.31361729719958385e-35
1.75614509139488892e-36
1.25885895034448488e-37
1.54571833905340808e-38
1.87336693610487241e-39
2.35385236213371123e-40
1.67094339521614039e-41
1.16991767732773083e-42
7.66729362737234436e-44
9.11724550012482129e-45
6.12932059861894126e-46
4.06666190705912097e-47
2.53412119853139517e-48
2.87582102597675162e-49
1.84663001318212262e-50
1.11662898018024092e-51
1.22966153793233444e-52
7.27833285296180973e-54
7.85937729566743497e-55
4.57041319859388101e-56
4.82883043764094234e-57
2.87567294678735915e-58
1.69489516389190612e-59
9.88652307531572073e-61
5.47808381334559558e-62
5.53050919251357361e-63
3.20699479140221634e-64
2.43013502899451524e-65
7.61241353723495418e-66
6.67170465168753574e-66
6.62359949210927647e-66
6.61872366191183938e-66
6.61857002586944557e-66
6.62007340302835869e-66
6.62048010222239548e-66
6.61953663310787573e-66
6.62040422854150282e-66
6.62211555118787143e-66
6.62137490167654713e-66
6.6209242544885163e-66
6.62093101458061145e-66
6.6219860459822676e-66
6.62688679398188076e-66
6.62593422613507591e-66
6.62405368746238043e-66
6.62474858137369099e-66
6.62624941734768151e-66
6.62850922308073587e-66
6.63131432935512578e-66
2.89953986653764094e-12
4.30436933151026168e-13
6.09861175187775613e-14
8.26929159492269915e-15
1.07569439794945501e-15
1.34610063932336837e-16
1.59330414718117354e-17
1.90278336432757499e-18
4.14289787815333222e-19
5.07645538054508278e-20
5.38182347342474632e-21
9.86698323813985218e-22
9.51499374810948469e-23
1.63154738180957476e-23
1.49153906777653184e-24
2.444857793062598e-25
2.33040394191051725e-26
2.03744209123916031e-27
2.97851078092038623e-28
4.54910127530615969e-29
3.95709070114508107e-30
3.22279413844099319e-31
4.67049242027843369e-32
3.61870541517968742e-33
5.05813817374201978e-34
4.06332500613325273e-35
3.0946865118310949e-36
4.25061498715679676e-37
3.30101943711215032e-38
2.45515374918485715e-39
3.27810964114853403e-40
2.59358097704321578e-41
2.00119331048459087e-42
1.43178558941597807e-43
1.69082217115350111e-44
2.07323507719686689e-45
1.43592016154562519e-46
9.80509448413685092e-48
6.27405482672976847e-49
7.29730267294750766e-50
4.78892926669841222e-51
3.09707919894645601e-52
2.03463667310289834e-53
1.25381928247732793e-54
1.34420080742887005e-55
1.45428245079996609e-56
8.6731916608269461e-58
9.20628968781818522e-59
5.50150828415199502e-60
3.25599882975003953e-61
1.8455538619680087e-62
2.10035385729962423e-63
3.46126858289259256e-64
2.45012909813855398e-64
2.39749644772192146e-64
2.3921457636181411e-64
2.39184871219220927e-64
2.39182918277657926e-64
2.39183956707451702e-64
2.39209344404533651e-64
2.3922149681150667e-64
2.39214018227885432e-64
2.39236420606571804e-64
2.39284791815522332e-64
2.39280755637569438e-64
2.39270228905637989e-64
2.39274035052103827e-64
2.39317740506938847e-64
2.39400513122886382e-64
2.39440722938599333e-64
2.39378064003348311e-64
2.39423076560562137e-64
2.39488337460991923e-64
2.39563566913118188e-64
2.39652701298287891e-64
2.89473081195064281e-12
4.29738962938431727e-13
6.08904363843314208e-14
8.25661353060862199e-15
1.07405507732477037e-15
1.34374232044326557e-16
1.58800906140830318e-17
2.08110282576908408e-18
2.53151049439770798e-19
5.23225462793359441e-20
5.979143231611466e-21
6.51603846117335422e-22
6.77152163873255679e-23
7.01333151820859782e-24
7.03087425235501322e-25
7.00686960663438282e-26
6.95412285698526214e-27
6.28795343175696e-28
9.97926616794013694e-29
9.29324894272060738e-30
8.57284403254698593e-31
7.43502882949145001e-32
1.12486740975980343e-32
9.62358000171999246e-34
8.33881524487801674e-35
6.64740851331110858e-36
9.23449383447514589e-37
7.09562876193576688e-38
9.55211910500757248e-39
7.26879896284911078e-40
5.69188849353165531e-41
4.25862901798249317e-42
5.4481378123928423e-43
4.02056378916513714e-44
2.8428764339684565e-45
3.56548089010591787e-46
2.52364236026150247e-47
1.75755604921591012e-48
1.20148846033625966e-49
8.43400109537073246e-51
5.80970165235588772e-52
3.93142411923223932e-53
2.62330057554923557e-54
1.71974759777060268e-55
1.16889383096752428e-56
8.4036470517084326e-58
5.83775785960014485e-59
4.33289982236965811e-60
3.11811549610856726e-61
2.77723583388947502e-62
1.0257481811857984e-62
8.27950130766310598e-63
8.1516517161870642e-63
8.14429627678168362e-63
8.14355905136485338e-63
8.14343222871879892e-63
8.14348111462878776e-63
8.14356106287206565e-63
8.14370150051130322e-63
8.14416321608406724e-63
8.14429845386550286e-63
8.14454539428159659e-63
8.14534111497424825e-63
8.14573653092760009e-63
8.14598181479644596e-63
8.1465536927669957e-63
8.14695754424938764e-63
8.14775306185186358e-63
8.14798175636573578e-63
8.14833807042253474e-63
8.14966209693995004e-63
8.15262300090378823e-63
8.15501491401957747e-63
8.15721726785285377e-63
8.15963822088639256e-63
2.88741734090659139e-12
4.28725154841303503e-13
6.07556781525358801e-14
8.23950223527109232e-15
1.07203062385464444e-15
1.33944785358879267e-16
1.59194280772653916e-17
2.15138273859458193e-18
2.70488540569259283e-19
5.90979356279298378e-20
7.20464670542793409e-21
8.23789645609579703e-22
8.37281054571364865e-23
1.49292724420841566e-23
1.53742243211435521e-24
1.43194896673773851e-25
2.3381419902282955e-26
2.21090828024459135e-27
2.04641257686266472e-28
1.73632306823426075e-29
2.45536627750712377e-30
3.61663771785108017e-31
3.03365681232109992e-32
2.49052142395636447e-33
2.03453778031522007e-34
1.53738794912046455e-35
2.07000378476052307e-36
1.51191874651476579e-37
1.97191443434027642e-38
1.39502624955137688e-39
1.67464771444328637e-40
2.08521042185099554e-41
1.39449786622067668e-42
1.67820379093200341e-43
1.1472431176832988e-44
7.74479468801557199e-46
5.15355965725270872e-47
3.38174240993663678e-48
2.18787038439422585e-49
1.41010633214692792e-50
9.11707152948817687e-52
5.80498126571889497e-53
3.73762656338430781e-54
2.36491047373376875e-55
1.52894292953623086e-56
9.26380841541011226e-58
1.01694930943832851e-58
6.50126344148729344e-60
6.38842326648860455e-61
2.82634789970343578e-61
2.61229163603381339e-61
2.60064000261866533e-61
2.59950186192899506e-61
2.59945204203060272e-61
2.59941530737205103e-61
2.59939696017790164e-61
2.59941805294685648e-61
2.5994369476085617e-61
2.59947782585918501e-61
2.59958328549596739e-61
2.59963629294082608e-61
2.5997238510540915e-61
2.59981344363846346e-61
2.59987927089291828e-61
2.60002842641884927e-61
2.6004491357865419e-61
2.6005949853494134e-61
2.6005441699959367e-61
2.60085875098546375e-61
2.60091663639205369e-61
2.60135383275655805e-61
2.60192600381117867e-61
2.60272999905404435e-61
2.6033775429181514e-61
2.60449494860081096e-61
2.88643860811736889e-12
4.28562570284761341e-13
6.07308635878836955e-14
8.23588886794940342e-15
1.07135192472210934e-15
1.33839955448981397e-16
1.63087181988342376e-17
2.00246371084059291e-18
2.29014822436496907e-19
4.78085717277932092e-20
5.88919722693033005e-21
6.48488602965078709e-22
1.16234463479961638e-22
2.02636890931504494e-23
3.65237863386274925e-24
3.73482415433636673e-25
3.44810503609042055e-26
5.6434560745783808e-27
5.23255407642726459e-28
4.71936365839410374e-29
3.89860208979341852e-30
5.77773582785337169e-31
4.84992560383863974e-32
3.74584084870170784e-33
5.2008187383457889e-34
4.08415219584706895e-35
2.9796154338240344e-36
3.91266325442271813e-37
2.75626968503635109e-38
3.50129817873200526e-39
2.38716714087286133e-40
2.94961005140252565e-41
2.05552315744580086e-42
1.34701797803623921e-43
1.59290213456461265e-44
1.06176438761819407e-45
6.97724453246366628e-47
4.52286723375812184e-48
2.75647564163845567e-49
2.91190051308066202e-50
3.18032023534123548e-51
1.86644834620223096e-52
1.99486826099196405e-53
1.14610273319861394e-54
1.20040913125704033e-55
6.7691619039915944e-57
7.02757786851397712e-58
4.79042657459084955e-59
1.00328998717251201e-59
7.86453710584647122e-60
7.74156226835857852e-60
7.7352324238795709e-60
7.73466514317102108e-60
7.73488322242772131e-60
7.73470071427203091e-60
7.73466084432591953e-60
7.73466246029041466e-60
7.73471834168209891e-60
7.73482154530525866e-60
7.73491885735546211e-60
7.73511809184598291e-60
7.73556154795267601e-60
7.735921069119461e-60
7.73599202143155543e-60
7.73656034351849627e-60
7.73742271064737122e-60
7.73783043352408285e-60
7.73800687595302329e-60
7.73842524153691e-60
7.7390837924332995e-60
7.74022170334446003e-60
7.74196277662474742e-60
7.74346163091527327e-60
7.74622825038219879e-60
7.75002095732691473e-60
2.88199208660551435e-12
4.27969134352626439e-13
6.0655809155077149e-14
8.22709405779693651e-15
1.07033437217430771e-15
1.33918568241970793e-16
1.62208930434223509e-17
1.9216473868415618e-18
2.23650925124034733e-19
2.64397127546229944e-20
3.07923725004009023e-21
3.49340788478577368e-22
3.71767006947290662e-23
6.90063474140292519e-24
7.58118832480440912e-25
8.02524084548559839e-26
8.16005597534737186e-27
8.40131170183942611e-28
7.80474915289124925e-29
1.24310629145962804e-29
1.12018649318554952e-30
1.01766075521064441e-31
9.04572422026964822e-33
7.4314174395354593e-34
1.08224259726641236e-34
8.90067843633483271e-36
7.18896072088455459e-37
5.96790155660066021e-38
4.77781408733261176e-39
3.98092645606689589e-40
3.17722536372251358e-41
2.60747692078805679e-42
2.05430253633548576e-43
1.55734068903514609e-44
1.22563233061783908e-45
9.27233513989522882e-47
6.78595234338136877e-48
4.8814396848954599e-49
3.40243316946647521e-50
2.47346910887070343e-51
1.91258937882493727e-52
1.42346231102925391e-53
1.10011874474097761e-54
7.93348175034502824e-56
6.05276955758654334e-57
8.86499647706879607e-58
2.60095046802154365e-58
2.16244288419178946e-58
2.13303164499174027e-58
2.13114701596502423e-58
2.13112439055745251e-58
2.13114076601830055e-58
2.13111092342189579e-58
2.13123215416549335e-58
2.13113400402918797e-58
2.13112481488581542e-58
2.13111308542785857e-58
2.13112097355364402e-58
2.13113149191368447e-58
2.13115635209889446e-58
2.13122740917749276e-58
2.13132203041273481e-58
2.13137901640416533e-58
2.13147272353983861e-58
2.13173407158388843e-58
2.13194171329854521e-58
2.13187311659209147e-58
2.13189429612484736e-58
2.13201941771837871e-58
2.13241147984096684e-58
2.13265121801512122e-58
2.13297174553712751e-58
2.13348732262250254e-58
2.13424328823000903e-58
2.13538723272595874e-58
2.8825682729643567e-12
4.2803996043618007e-13
6.06630068587128143e-14
8.22737636461198915e-15
1.0704971726458492e-15
1.33729068962005383e-16
1.62133189748626435e-17
1.95270886059658212e-18
2.15647966556111897e-19
4.28579688961975466e-20
4.94849661920947163e-21
5.11355323562250669e-22
9.3442187896993202e-23
9.77303076118828052e-24
9.89423080354290174e-25
9.71161504228438128e-26
9.39378064567031939e-27
8.85984213775977885e-28
7.62702826954409258e-29
1.18136181507286484e-29
1.04085867409565973e-30
8.42637320303847276e-32
1.1542273866431052e-32
1.6393604283892173e-33
1.32595990265211494e-34
9.92745926405342016e-36
1.25627044453095508e-36
1.63845146242913418e-37
1.14414821224356504e-38
1.44064370414141722e-39
1.02476902794065952e-40
7.17840167379624638e-42
4.95373232590047738e-43
3.369525684892285e-44
2.26041376704163264e-45
1.50371191777434131e-46
9.40360615420900891e-48
1.06299910801024434e-48
6.45674899892889192e-50
6.81968615878087827e-51
7.11148689253942459e-52
7.6818615149326208e-53
4.68120322292836785e-54
2.74375022703221683e-55
3.36031628067694718e-56
6.98753760470603257e-57
5.5575997751565924e-57
5.4033433799023548e-57
5.39453223627514636e-57
5.39411095694590721e-57
5.39440230976683547e-57
5.39450666836765706e-57
5.39427964849458598e-57
5.39442519532472787e-57
5.39427687598278365e-57
5.3943312956070798e-57
5.3942657716748664e-57
5.39427372013282405e-57
5.39427149925028236e-57
5.39434221751022167e-57
5.39458864286137826e-57
5.39488264149146408e-57
5.39499457554310471e-57
5.39508190204083153e-57
5.39563130213881327e-57
5.39660855938511861e-57
5.39633199576212429e-57
5.39631479867553445e-57
5.39646206052279718e-57
5.39721299042373369e-57
5.39784408385760815e-57
5.39850115227543729e-57
5.39998256713816527e-57
5.4019178654753368e-57
5.40487230624310339e-57
2.8863804536263565e-12
4.28546092802409924e-13
6.07269649190527052e-14
8.23491130071382061e-15
1.07126706917273625e-15
1.34084883588138669e-16
1.58871479107152656e-17
2.09010550976453701e-18
2.52012797046940309e-19
5.25760674530763386e-20
6.12809768981255834e-21
6.29189046678375635e-22
1.1382830164909697e-22
1.17984336772601467e-23
1.19193543421318977e-24
1.1049115546385277e-25
1.81680350016489032e-26
1.70655462589707522e-27
1.46498905798026902e-28
2.25297429830813623e-29
1.96954677753396114e-30
1.58872140573253257e-31
2.17169290562760915e-32
3.08247101799176524e-33
2.47962761923563936e-34
1.95396777891684913e-35
1.5208226594984299e-36
1.16930027831111918e-37
8.85420611597298454e-39
6.65564977791524895e-40
4.90682218440516626e-41
3.57924987818645334e-42
2.56309141961439659e-43
1.82545625645738846e-44
1.21506143640215208e-45
1.44072631488561451e-46
9.62668957101023765e-48
6.46010016816440928e-49
4.06671051356203722e-50
4.60895766890067445e-51
2.83634817526711145e-52
3.16838975632276199e-53
2.10205639015441127e-54
2.41011217389526004e-55
1.36754377169040713e-55
1.24985979887622396e-55
1.24278801764489344e-55
1.24237769295325569e-55
1.24238892088554776e-55
1.24241145586645115e-55
1.24250723522369635e-55
1.2425565100308956e-55
1.24244425996448085e-55
1.24238783395055018e-55
1.24242677395266319e-55
1.24247781166420467e-55
1.24243393036354559e-55
1.24241958280956839e-55
1.24242245568479952e-55
1.24243972515834721e-55
1.24247149889249759e-55
1.24261922483236882e-55
1.24262798458333089e-55
1.24256386896692052e-55
1.2426443112989588e-55
1.24310004387590364e-55
1.24295319147011433e-55
1.24291165333577377e-55
1.24293371372417725e-55
1.24315555771598332e-55
1.24327173758692828e-55
1.24337295069545785e-55
1.24371655554640768e-55
1.24413699078105095e-55
1.24480796882890995e-55
2.88708201329188387e-12
4.28674283186602962e-13
6.07479783903102426e-14
8.23846543477524956e-15
1.07166142566195023e-15
1.34177024598015081e-16
1.59242394647601678e-17
2.10925117305993181e-18
2.57160579620000931e-19
5.44627838853435527e-20
6.4757210073270303e-21
7.32435393670045453e-22
8.06183216870416338e-23
8.59025531741889166e-24
8.26408190118441514e-25
1.40269070784052031e-25
1.37019462731147325e-26
1.30245389178547144e-27
1.20433514120713519e-28
1.10016421753747198e-29
9.20191665943108143e-31
1.36413481056532507e-31
1.15967370052273954e-32
9.82314689852861042e-34
8.13569748245162389e-35
6.2219333429261795e-36
8.45965924958689774e-37
6.15756308770858147e-38
8.04201815244696509e-39
5.94487497891182215e-40
4.09650664449057461e-41
5.09468896534343804e-42
3.3969733326850713e-43
4.09378893677332869e-44
2.78381262914535372e-45
1.87696868057432142e-46
1.18704777660843821e-47
1.35834467438145416e-48
8.7595923230245689e-50
5.60126858644586064e-51
3.55879147248743274e-52
2.47435217227164987e-53
3.94809551880983582e-54
2.65774456495488068e-54
2.57853946184104635e-54
2.57371652038734095e-54
2.5734517678117709e-54
2.57346168629794996e-54
2.57359641110059739e-54
2.57362403062634288e-54
2.57364187474610733e-54
2.57381751743331355e-54
2.57360473449035696e-54
2.5735092213092867e-54
2.57363034950781152e-54
2.57368728163405819e-54
2.57360286137283997e-54
2.57358362213320379e-54
2.57358460400164512e-54
2.57362190020219525e-54
2.57370427056715286e-54
2.57394911057654263e-54
2.57392537021172059e-54
2.57387109458480796e-54
2.57408714316537125e-54
2.57490914889704758e-54
2.57475542976440931e-54
2.57475267817404076e-54
2.57461939023066861e-54
2.57472854201727756e-54
2.57501351921005089e-54
2.57533311973724902e-54
2.57595113158093022e-54
2.57702581515273942e-54
2.57810432019453879e-54
2.8942378077305565e-12
4.29659575452340634e-13
6.0878383033547928e-14
8.25498806705151799e-15
1.0736628272368761e-15
1.34348163566943115e-16
1.62447679742370958e-17
1.92524473264505092e-18
2.07132512181586524e-19
4.00181838990266739e-20
4.51389620721511603e-21
4.99424616127087412e-22
5.40101732738017168e-23
5.6934074380677255e-24
5.82780570136311133e-25
5.92692294508379977e-26
5.85618508127295257e-27
5.62815200478263104e-28
5.26532094896633951e-29
4.8364733168986059e-30
4.32663574274497758e-31
3.86146274002287218e-32
3.36351743088133145e-33
2.86487563658775937e-34
2.389333399308164e-35
1.83876617067310336e-36
2.54477087927526224e-37
1.88317066070971842e-38
2.51328025203353423e-39
1.90354361862736541e-40
1.34566596647015855e-41
1.72232734822798967e-42
1.24254815778257185e-43
9.01749873082098336e-45
6.10423340345531574e-46
7.30363077430695931e-47
4.92238204620554943e-48
3.33515825169424585e-49
2.22910940153326775e-50
1.50933352733737032e-51
1.41994460403163675e-52
5.32987672286685345e-53
4.76215663488376346e-53
4.72701654558215407e-53
4.72445789228793409e-53
4.72438001696611796e-53
4.72437717708775617e-53
4.72437741740751385e-53
4.72487252750929269e-53
4.72485866176729901e-53
4.72463491531938319e-53
4.72483295440124478e-53
4.72459437826317467e-53
4.72444568560872908e-53
4.72482018183324506e-53
4.72478216626665739e-53
4.72460771427760893e-53
4.72460072457296665e-53
4.72455907345506428e-53
4.72470487683591312e-53
4.72497544738623576e-53
4.7257683241606869e-53
4.72549871333111109e-53
4.72526038738819282e-53
4.72494884738634782e-53
4.72499482343138894e-53
4.72689368702398838e-53
4.72736929863439722e-53
4.72690333131733436e-53
4.7260561421015827e-53
4.72624952251247396e-53
4.727015728329866e-53
4.72813696469696004e-53
4.72995377616754822e-53
4.73224723596983758e-53
2.89887202741924248e-12
4.30329774694489965e-13
6.09699349843804249e-14
8.26699102004092578e-15
1.07536172116342318e-15
1.3449142479551348e-16
1.62234472879917645e-17
1.89555106939403327e-18
2.14960642462109658e-19
2.4057700358875238e-20
2.62708468469085022e-21
2.80090923461456617e-22
2.91673729612355239e-23
2.96896785266155933e-24
2.75508383683476245e-25
4.5432915110346581e-26
4.28974160379627059e-27
3.96231256902979952e-28
3.40812303200109843e-29
5.16730179977165466e-30
4.52204440972583602e-31
3.87941451717161834e-32
3.26324694589812222e-33
2.68775069857847802e-34
2.21350863456206819e-35
1.78066322772574044e-36
1.45835957869567561e-37
1.16576883352105557e-38
8.73584671114360481e-40
1.10697220714728318e-40
1.34437950317643209e-41
1.67460315639365803e-42
1.1939192024170231e-43
8.38286964577910029e-45
5.79288961317029029e-46
3.97734084568327992e-47
2.68954376470273354e-48
1.7990000816261453e-49
1.25238443206067787e-50
1.51707857828677164e-51
8.02976051735184979e-52
7.57239316685366261e-52
7.54359136831219292e-52
7.54289399653657631e-52
7.54246658537942442e-52
7.54266930189877938e-52
7.54244863177648834e-52
7.54222274101321541e-52
7.54273496673491487e-52
7.54274022616367972e-52
7.54263258873799535e-52
7.54346818488782041e-52
7.54301894213656981e-52
7.54243670699693261e-52
7.5429430102462529e-52
7.54312524607646047e-52
7.54277771537063247e-52
7.54287098435461246e-52
7.54256397235791867e-52
7.54285234767905657e-52
7.54300567552020385e-52
7.54446106286996921e-52
7.54486303460948324e-52
7.54431485001858093e-52
7.5433479176496945e-52
7.54304885913487689e-52
7.54419881579479622e-52
7.54544032773947907e-52
7.54510001439879954e-52
7.54448001924379404e-52
7.54493072602993192e-52
7.54566733304487966e-52
7.5475308525290801e-52
7.54991056007820117e-52
7.55387548022958282e-52
2.91037460769592532e-12
4.31928140291694726e-13
6.11843215280850945e-14
8.2943093093653683e-15
1.07882137813411755e-15
1.3471773450831425e-16
1.633436166698364e-17
1.95338352826642727e-18
2.31352235952973836e-19
2.72678897312201738e-20
3.12624856950343449e-21
3.46293949376857049e-22
3.70061566322454657e-23
3.82497239579271366e-24
3.56700067539893197e-25
5.95885522695815733e-26
5.68205700739245301e-27
4.9506360637806655e-28
7.67296625113039402e-29
6.42277597453621374e-30
9.64658376419856482e-31
8.23527590994744973e-32
6.88434168458360149e-33
5.30604888001034476e-34
7.37035225451148917e-35
5.46979844556708959e-36
7.32990914859921869e-37
5.55775241743968384e-38
3.91396163052428866e-39
4.99245942978339109e-40
3.59947957071727991e-41
2.45439501166018566e-42
2.99114556632740979e-43
2.07625825452389059e-44
1.41813302927034089e-45
9.5369624909183303e-47
6.32614422241647809e-48
4.22511707366244967e-49
3.6753157013176413e-50
1.1896203138050324e-50
1.03149912887782497e-50
1.02155605748308363e-50
1.02094872998124836e-50
1.02092232223117772e-50
1.02107921599974524e-50
1.02119842448424863e-50
1.02110439878324486e-50
1.02098027770945794e-50
1.02096897524301678e-50
1.02100072787986258e-50
1.02098186541152672e-50
1.0209936488005501e-50
1.02127468003203359e-50
1.02105471271726983e-50
1.02097739830048029e-50
1.02100006416810272e-50
1.02112127122320412e-50
1.02123033541034026e-50
1.02107391769954261e-50
1.0209960251506615e-50
1.02097987539544011e-50
1.02099718888461395e-50
1.02160566543233831e-50
1.02148512698949133e-50
1.02121807868143427e-50
1.02110558286832326e-50
1.02128766748506143e-50
1.02149829844575225e-50
1.02139761985732196e-50
1.02123230440805816e-50
1.02123453756562361e-50
1.02136603166420574e-50
1.02155071673127548e-50
1.02186172742778379e-50
1.02231816647622598e-50
2.91719096852089194e-12
4.32819522584611302e-13
6.13038628994740223e-14
8.31096252142345375e-15
1.08140953616525034e-15
1.35295430253577449e-16
1.6338546272122782e-17
1.91417324508972928e-18
2.01725205586910303e-19
3.77757389541676926e-20
4.07595283242666652e-21
4.28249305651605839e-22
4.37524282577802634e-23
4.43761457139019968e-24
4.09193821369366491e-25
6.79020119811660728e-26
6.44875951918768966e-27
5.99052902226484094e-28
5.14699793311398758e-29
7.45446566525363441e-30
1.10606338887867448e-30
9.51555788368510225e-32
8.02219534254264961e-33
6.23956163345402199e-34
8.77820792911120389e-35
6.61716818791710477e-36
8.86511393556846949e-37
6.85674124300824638e-38
4.93510781525725101e-39
6.32003890648980288e-40
4.33969030696934435e-41
5.38467072494779303e-42
3.59721612001656139e-43
4.2946887506961356e-44
2.8923887886764833e-45
1.92108018878322272e-46
1.26778949292627328e-47
9.24110284911985171e-49
1.64784768165584139e-49
1.16388227586553596e-49
1.13336804941957901e-49
1.13141834439371844e-49
1.13133074377689553e-49
1.13131234454601735e-49
1.1314221568338794e-49
1.13159163658434929e-49
1.13154856639868649e-49
1.13137910620403603e-49
1.13134875347748802e-49
1.1314398485997846e-49
1.13138309931372814e-49
1.13141074939637115e-49
1.13156239679813012e-49
1.13144607739151106e-49
1.13133552731830421e-49
1.13138434121951832e-49
1.13156430138523161e-49
1.13172488499345831e-49
1.13148958122014446e-49
1.13137843227422237e-49
1.13134149119954513e-49
1.13133781195697884e-49
1.13170739689883156e-49
1.13199243930679848e-49
1.13169309774715115e-49
1.13147719302405387e-49
1.13170473702059416e-49
1.1318410467737261e-49
1.13182916000342829e-49
1.13161905807267384e-49
1.13165188163444893e-49
1.13178351595813823e-49
1.13186138130127203e-49
1.13207013435607583e-49
1.13242461237191514e-49
2.90572444633716428e-12
4.29715911662306029e-13
6.13908721816819098e-14
8.36206089337587964e-15
1.10982747979102522e-15
1.40614823935793803e-16
1.76444898363223267e-17
2.16256073378677355e-18
2.46328201515940823e-19
4.89492482562991446e-20
5.72721484678524256e-21
6.4003752140981673e-22
6.53867547756751595e-23
1.16989091471252542e-23
1.14538311662649585e-24
1.98714731662444104e-25
1.95628391172615745e-26
1.86893173744396331e-27
1.63040803842233953e-28
2.48864227278890537e-29
2.03500163460477993e-30
2.99528858708378905e-31
2.50105971927460417e-32
1.97019132199720071e-33
2.79967273807355655e-34
2.24643921732033676e-35
1.72251548057562733e-36
2.37102525883510675e-37
1.84044471506747447e-38
1.39609699765415592e-39
1.01931973376361296e-40
1.28655936478928294e-41
9.11359123131477008e-43
6.31348180567350113e-44
4.39502729188841874e-45
2.98347731968868047e-46
2.06080689254537286e-47
2.25040421090323913e-48
1.05521537658528447e-48
9.79333994282412069e-49
9.74568750986670697e-49
9.74101517149925132e-49
9.74083375930980047e-49
9.74163972228317503e-49
9.74318586641619512e-49
9.74300661271015241e-49
9.74271281965485269e-49
9.74122376263658689e-49
9.74103117923623102e-49
9.74220278182584249e-49
9.7415606559403587e-49
9.74129026454006575e-49
9.74458166570661706e-49
9.74282931530801094e-49
9.74109172773897853e-49
9.74127146431077295e-49
9.74371745391911673e-49
9.74583019132055218e-49
9.74230727252485636e-49
9.74140909125201866e-49
9.74107130776644154e-49
9.74090180915899371e-49
9.74181381989827151e-49
9.75140466418358263e-49
9.74558242662807469e-49
9.74178633550828074e-49
9.743211013859334e-49
9.74622816198266999e-49
9.74539685779822161e-49
9.74287851805200656e-49
9.74214029802261172e-49
9.74423542619126743e-49
9.74383685483437754e-49
9.74525776492511824e-49
9.74782193027440409e-49
2.63826407936946207e-12
3.50540467498305447e-13
8.09336185815218994e-14
9.89164152376588042e-15
2.12113029742825839e-15
2.40968797096512111e-16
4.83613394231794001e-17
5.29413316773259256e-18
8.41137640387167623e-19
9.43840491726428179e-20
1.75118320542282327e-20
1.69220397185267509e-21
2.7182739665694587e-22
4.27837222883786242e-23
6.59984596807558343e-24
1.06583826076703399e-24
9.82918318630756328e-26
8.86853202663924252e-27
7.83290779181246882e-28
6.7949328924743462e-29
5.42714339240845624e-30
7.83526877115804759e-31
6.05115682208703332e-32
7.97402766882451393e-33
1.09453231356135444e-33
8.03270443251647828e-35
1.00927391837666173e-35
1.3169376171338739e-36
9.70364466510792077e-38
6.65447772335009724e-39
8.14952205502713871e-40
5.64398138037565392e-41
3.8364766244563682e-42
2.40140680587759897e-43
2.6657339537703516e-44
1.63128968693121303e-45
1.00780519167452992e-46
1.31389912742413223e-47
6.34751466064006649e-48
6.01169080517982339e-48
5.99372907681062351e-48
5.99243954877769701e-48
5.99220913320597764e-48
5.99256540246265133e-48
5.9926341739128503e-48
5.99270809580334085e-48
5.99270583161211913e-48
5.99250759071092403e-48
5.99238534530306477e-48
5.99260135908465323e-48
5.99263834361464509e-48
5.99251774778070888e-48
5.99265672951068373e-48
5.9928568960528185e-48
5.9922723858676217e-48
5.99226602601673861e-48
5.99258650430097533e-48
5.99275521960558558e-48
5.9926572865258788e-48
5.99259973531806315e-48
5.9924849091537737e-48
5.99208502321455807e-48
5.99244374466799053e-48
5.99277841884267195e-48
5.99304808377570403e-48
5.99187718102677904e-48
5.9923721625107732e-48
5.99321276852048356e-48
5.99314917823099063e-48
5.99285037342971895e-48
5.99277003357282714e-48
5.9930669922775502e-48
5.99343317927633612e-48
5.9940656561221604e-48
5.99477743159260255e-48
2.27149891224306979e-47
2.27149891272674004e-47
2.27149891274430595e-47
2.27149891274483297e-47
2.27149891274492048e-47
2.27149891274492048e-47
2.27149891274492048e-47
2.27149891274492048e-47
2.27149891274492048e-47
2.27149891274492048e-47
2.27149891274492048e-47
2.27149891274492048e-47
2.27149891274492048e-47
2.27149891274492048e-47
2.27149891274492048e-47
2.27149891274492048e-47
2.27149891274492048e-47
2.27149891274492048e-47
2.27149891274492048e-47
2.27149891274492048e-47
2.27149891274492048e-47
2.27149891274492048e-47
2.27149891274492048e-47
2.27149891274492048e-47
2.27149891274492048e-47
2.27149891274492048e-47
2.27149891274492048e-47
2.27149891274492048e-47
2.27149891274492048e-47
2.27149891274492048e-47
2.27149891274492048e-47
2.27149891274492048e-47
2.27149891274492048e-47
2.27149891274492048e-47
2.27149891274492048e-47
2.27149891274492048e-47
2.27149891274492048e-47
2.27149891274492048e-47
2.27149891274492048e-47
2.27149891274492048e-47
2.27149891274492048e-47
2.27149891274492048e-47
2.27149891274492048e-47
2.27149891274492048e-47
2.27149891274492048e-47
2.27149891274492048e-47
2.27149891274492048e-47
2.27149891274492048e-47
2.27149891274492048e-47
2.27149891274492048e-47
2.27149891274492048e-47
2.27149891274492048e-47
2.27149891274492048e-47
2.27149891274492048e-47
2.27149891274492048e-47
2.27149891274492048e-47
2.27149891274492048e-47
2.27149891274492048e-47
2.27149891274492048e-47
2.27149891274492048e-47
2.27149891274492048e-47
2.27149891274492048e-47
2.27149891274492048e-47
2.27149891274492048e-47
2.27149891274492048e-47
2.27149891274492048e-47
2.27149891274492048e-47
2.27149891274492048e-47
2.27149891274492048e-47
2.27149891274492048e-47
2.27149891274492048e-47
2.27149891274492048e-47
2.27149891274492048e-47
2.27149891274492048e-47
2.27149891274492048e-47
)
;

boundaryField
{
    reactingWall
    {
        type            catalyticWall;
        gradient        uniform 0;
    }
    inertWall
    {
        type            zeroGradient;
    }
    inlet
    {
        type            fixedValue;
        value           uniform 0.00298499999999999981;
    }
    outlet
    {
        type            zeroGradient;
    }
    defaultFaces
    {
        type            empty;
    }
}


// ************************************************************************* //
