/*--------------------------------*- C++ -*----------------------------------*\
  =========                 |
  \\      /  F ield         | OpenFOAM: The Open Source CFD Toolbox
   \\    /   O peration     | Website:  https://openfoam.org
    \\  /    A nd           | Version:  9
     \\/     M anipulation  |
\*---------------------------------------------------------------------------*/
FoamFile
{
    format      ascii;
    class       surfaceScalarField;
    location    "0.01";
    object      phi;
}
// * * * * * * * * * * * * * * * * * * * * * * * * * * * * * * * * * * * * * //

dimensions      [1 0 -1 0 0 0 0];

internalField   nonuniform List<scalar> 
3490
(
1.39086627898499917e-07
4.55876663210600437e-09
1.36019448118845504e-07
3.49271627892002874e-09
1.33444562032694983e-07
3.58368393284614951e-09
1.32772652508929187e-07
2.41414817811427733e-09
1.31727948935670839e-07
1.73023730287137591e-09
1.30896711383173771e-07
9.67886604216628039e-10
1.30212783104474933e-07
6.20178419187083306e-10
1.29797868857305531e-07
2.91670618334107885e-10
1.29441765382905026e-07
2.18195534611181344e-10
1.29224769462772642e-07
7.6275175382093589e-11
1.28998095432534782e-07
8.60071479698723279e-11
1.28850002160486062e-07
7.97397989189336288e-12
1.28667706719543653e-07
4.29828754100369018e-11
1.28547987193396839e-07
-1.87900725428611328e-11
4.89428491819304071e-12
1.28405507983102679e-07
1.44601534868631775e-07
3.60101335087709227e-09
1.45477019260166079e-07
3.02957696673520843e-09
1.46856245274515084e-07
3.19523771275099195e-09
1.48866496654343755e-07
2.25143087838642182e-09
1.49679816372004107e-07
1.74809953088646337e-09
1.49822019304504287e-07
1.03570040699391359e-09
1.49664059902906217e-07
7.4162996491782395e-10
1.49451474680737673e-07
3.89283334874563894e-10
1.49226066271707804e-07
3.07831052675357219e-10
1.49014396874995669e-07
1.4770797324287164e-10
1.48835871888376287e-07
1.23962211859575275e-10
1.48663666607525639e-07
4.00786985314539245e-11
1.48507413404817808e-07
5.99263203485889176e-11
1.48353446078046418e-07
-3.33104832479887098e-12
1.14365372737546684e-11
1.48209318449022081e-07
1.45082788442211154e-07
2.16188305011997192e-09
1.46256161409261688e-07
2.26858108903329566e-09
1.47657533801739724e-07
2.79111279347606244e-09
1.4971035297309002e-07
2.06857442102460284e-09
1.50508126877095676e-07
1.80776227130492369e-09
1.50617396755489106e-07
1.14897134525772519e-09
1.50443406601011417e-07
8.83653907856572259e-10
1.50206994954998276e-07
5.12090158006176803e-10
1.49985465444169991e-07
3.93944442761024779e-10
1.49785592988044919e-07
2.07426563590572333e-10
1.49590096555599147e-07
1.78906682357172236e-10
1.49409107217704649e-07
8.0971697406212343e-11
1.4925241112793411e-07
7.73147389958979253e-11
1.4908914655979753e-07
2.1425913748060451e-11
3.48525447252343917e-11
1.48928146640589996e-07
1.44089612427228765e-07
1.71611120922303979e-09
1.44909656897463715e-07
1.86235850120357065e-09
1.46446502324533693e-07
2.25311206525290374e-09
1.48621100782775264e-07
1.75687802147007397e-09
1.49722409209157234e-07
1.55421233623277282e-09
1.50059063826884201e-07
1.03098693229068909e-09
1.50089206547622121e-07
8.20450884655734675e-10
1.49993711511131653e-07
4.93739280902979299e-10
1.49855624964584499e-07
3.96571838574554634e-10
1.49700938965710454e-07
2.21953915054007383e-10
1.49560055406005826e-07
1.79238960380168423e-10
1.49408674236949996e-07
9.22578138017632757e-11
1.492604811079778e-07
8.62015442803368828e-11
1.4911444976981857e-07
2.89507274242946119e-11
3.63936990570711641e-11
1.48975325256163314e-07
1.44307403988454126e-07
1.05259474368052608e-09
1.45191418173838557e-07
1.39217795354144869e-09
1.46657196163184269e-07
1.78613807413228382e-09
1.48804913304989105e-07
1.4717858236325942e-09
1.49816439546807943e-07
1.38988884947866372e-09
1.50105028623424325e-07
9.60674530244646803e-10
1.50097843733321829e-07
7.94407126804271026e-10
1.49976535822365813e-07
5.01147635078527546e-10
1.49839635098515699e-07
3.98000037204764642e-10
1.49686814359736715e-07
2.34615878600603046e-10
1.49531213957075758e-07
1.94290222487120195e-10
1.49379919535000623e-07
1.03459902547260359e-10
1.49238879972429228e-07
8.79375250556124334e-11
1.49087758250514984e-07
4.15681659701609e-11
4.02862290477348402e-11
1.4894628506018507e-07
1.43840001549182785e-07
8.56553073562872071e-10
1.44540047544363228e-07
1.10652666794406736e-09
1.45936006309528086e-07
1.38919649031780341e-09
1.48096570118515243e-07
1.16825993429091687e-09
1.49246632912355124e-07
1.08004808148290544e-09
1.49657459304227208e-07
7.65061588676866494e-10
1.49783127097479459e-07
6.34536799488617896e-10
1.49763140546653644e-07
4.06985152014785544e-10
1.49692406143462531e-07
3.33210568622836031e-10
1.49588678767597774e-07
1.98177865713154963e-10
1.49482056174693616e-07
1.60365444819457141e-10
1.49354370810472114e-07
9.10552716827706172e-11
1.49224781402126523e-07
7.82266436208648414e-11
1.49091593156192295e-07
3.6254904817796253e-11
3.76018271136750754e-11
1.48956699012087685e-07
1.43997060537229504e-07
5.03474699869710956e-10
1.44760495064803476e-07
7.57448034174704469e-10
1.46179412746068301e-07
9.69298567190137141e-10
1.4834193968352926e-07
8.63562808437442867e-10
1.4942084240585648e-07
8.42195075050812287e-10
1.49784567712477878e-07
6.16830102447982045e-10
1.49855441227418763e-07
5.29521248655735069e-10
1.49797203604016624e-07
3.5108416471408635e-10
1.49710105454285335e-07
2.84788072426481792e-10
1.49590623791327973e-07
1.77498206459967783e-10
1.49465607574001036e-07
1.44839001699080553e-10
1.49335049953212576e-07
8.15281261133869772e-11
1.49206893454096113e-07
6.7087804884611979e-11
1.4906878039258637e-07
3.58706962848366154e-11
3.02752027718975025e-11
1.4893853337573935e-07
1.43779093089181611e-07
3.6839388709923622e-10
1.44432723449502897e-07
5.18409103855092093e-10
1.45740762483229456e-07
6.60293976518992112e-10
1.47880998954970904e-07
5.78052815645357124e-10
1.49019753081828145e-07
5.40550983010542536e-10
1.49451898409659075e-07
3.98375351330229613e-10
1.49610188770102048e-07
3.3649935432249844e-10
1.49623017026201083e-07
2.23966040587239911e-10
1.49587100818385704e-07
1.85154884446027267e-10
1.49511549389644421e-07
1.12888164397555278e-10
1.49424788048975738e-07
9.10627103634113661e-11
1.49313521525495871e-07
5.27145417360814303e-11
1.4919721329012701e-07
4.41058295192164103e-11
1.49070932097603411e-07
2.3659697214675892e-11
2.389808111151396e-11
1.48939739815863288e-07
1.43874635590683438e-07
1.37787340834435464e-10
1.4458678332777404e-07
2.2083189419731416e-10
1.45969796650108829e-07
2.76389181080123791e-10
1.48134058662540112e-07
2.69670657620246308e-10
1.49234577284130717e-07
2.78522804040984397e-10
1.49630262550920944e-07
2.16996425485880978e-10
1.49733811831032533e-07
1.9841669957231144e-10
1.49704979700118953e-07
1.38562029486925799e-10
1.49640606095180546e-07
1.13995646383121497e-10
1.49537837448575668e-07
7.55041451648457024e-11
1.49428829452940409e-07
5.95405277999254726e-11
1.4930867964165994e-07
3.27918332281664844e-11
1.491888004487694e-07
2.47023999423587222e-11
1.490588770347731e-07
1.50977335395200903e-11
1.21888447554491855e-11
1.4893302403583694e-07
1.43784688108537101e-07
-2.85786517868691752e-12
1.44424172902679344e-07
-4.00755860815598503e-12
1.45704070701154188e-07
-4.4884364130343447e-12
1.47831145890948977e-07
-3.35727141766027931e-12
1.48947438241523601e-07
-1.64537256037234298e-12
1.49378200903884647e-07
-5.99436118342709776e-13
1.49541723403781854e-07
-2.40032987149651091e-14
1.49565685605785999e-07
2.66664150600123744e-13
1.49543142819893896e-07
9.90964504832288995e-13
1.49477517993227901e-07
9.80596147537855993e-13
1.49395798506816372e-07
7.37653895135294193e-13
1.49288123319991395e-07
4.02211380659115413e-13
1.49173720102968686e-07
-1.69453417207527882e-13
1.49051482393985044e-07
-1.14215377553813076e-12
-1.88106935748376332e-12
1.48927997271181024e-07
1.43783018562069832e-07
-1.41823668878519324e-10
1.44425820211388012e-07
-2.3216188693705922e-10
1.45711388144746792e-07
-2.91041415733533847e-10
1.47844161937029151e-07
-2.82046292311828456e-10
1.48964227284096054e-07
-2.85471744954756907e-10
1.49395597639677155e-07
-2.18726386595529042e-10
1.49557004818696845e-07
-1.9631284200922944e-10
1.49577373451354602e-07
-1.34417373668755507e-10
1.49552234460849176e-07
-1.09405794846599959e-10
1.49485007473367477e-07
-7.19305969212731171e-11
1.49402396390296831e-07
-5.71640208439749964e-11
1.49294405685435049e-07
-3.1662569659769196e-11
1.49179580062699233e-07
-2.46097476378528697e-11
1.49055502835031021e-07
-1.55335662631430234e-11
-1.32643284941123568e-11
1.48929340226061538e-07
1.43874852540464779e-07
-3.72618233739197969e-10
1.44588556356795215e-07
-5.31280622009146353e-10
1.45974097542350129e-07
-6.77473615459898165e-10
1.48140449223054072e-07
-5.92475615510412328e-10
1.49241284746312872e-07
-5.4770521803220905e-10
1.49635481486666619e-07
-3.98540747641198926e-10
1.49736546855840059e-07
-3.31864989944642621e-10
1.49705260197999609e-07
-2.17332550464795526e-10
1.49639564074986466e-07
-1.79212022327153407e-10
1.49535951227416677e-07
-1.08441509929982982e-10
1.49426844859013324e-07
-8.85595227061869247e-11
1.49306804313430201e-07
-5.16670177861729055e-11
1.49186821111836205e-07
-4.38819449983364812e-11
1.49056527679944886e-07
-2.36988411369000645e-11
-2.47302319024190538e-11
1.48930457661991917e-07
1.43779512733961207e-07
-5.08064054478250009e-10
1.44432605431669566e-07
-7.69725159759351173e-10
1.45739071911201303e-07
-9.84841223175191862e-10
1.47877684864382023e-07
-8.76289751209204056e-10
1.49015709437786589e-07
-8.48578516551782746e-10
1.49448501908102216e-07
-6.17603037494816322e-10
1.49608060412218515e-07
-5.26109838497782691e-10
1.49622096224759708e-07
-3.45610188825046837e-10
1.49586456649974292e-07
-2.79073869554647377e-10
1.49510627751029166e-07
-1.72726971478056676e-10
1.49423271401987839e-07
-1.41694919276886955e-10
1.49311489178749422e-07
-7.9919672393589504e-11
1.49195078572440137e-07
-6.67171980155578728e-11
1.49069426189903681e-07
-3.64949227461422119e-11
-3.1882263067809609e-11
1.48939052491081921e-07
1.4399739350359686e-07
-8.61402251017358055e-10
1.44761752632490999e-07
-1.11966173432374822e-09
1.4618159033947712e-07
-1.40559883248055289e-09
1.4834409622551511e-07
-1.18089736276392036e-09
1.49421565959025403e-07
-1.08491017170775104e-09
1.49782925866177485e-07
-7.6339170780801486e-10
1.49851981718164846e-07
-6.2923832040968855e-10
1.49793243596965559e-07
-4.0094363128895109e-10
1.49706811020436875e-07
-3.28096706954458824e-10
1.4958831746995581e-07
-1.94330555784121655e-10
1.49463996917783683e-07
-1.57854705255586245e-10
1.49333246085647575e-07
-8.91920291802253293e-11
1.49204554864339513e-07
-7.72613021207772377e-11
1.49066169788243485e-07
-3.65471580395387809e-11
-3.91782143592024803e-11
1.48935951021933983e-07
1.43840020233121403e-07
-1.05736796833804597e-09
1.4453929141116196e-07
-1.40443926467752022e-09
1.45934058396402195e-07
-1.80124186059725469e-09
1.48094218097132788e-07
-1.48392614578683111e-09
1.49244506938471549e-07
-1.39491836444138946e-09
1.49655525409431584e-07
-9.5912710405647499e-10
1.49781160699057967e-07
-7.88996657788353522e-10
1.49761146800794332e-07
-4.94997050021886204e-10
1.49690366836326229e-07
-3.9275900837685133e-10
1.49586297335112405e-07
-2.3034708350468237e-10
1.49479038964856518e-07
-1.91065400130460393e-10
1.49351306738507615e-07
-1.01473350616053083e-10
1.49221997949193406e-07
-8.71770695814883098e-11
1.49088554160739949e-07
-4.1530610595573467e-11
-4.14351585684965337e-11
1.48953307577255441e-07
1.44307381195231488e-07
-1.72075032959603983e-09
1.45191069351786791e-07
-1.87418134809327533e-09
1.4665590339725057e-07
-2.26715650362137519e-09
1.48802484173041731e-07
-1.76778313454326569e-09
1.4981307527232554e-07
-1.5582398080076482e-09
1.50101089128666271e-07
-1.02878611521816794e-09
1.50093714218646986e-07
-8.14759650660462959e-10
1.4997221238487879e-07
-4.87299037597620822e-10
1.49835262988158657e-07
-3.9118604565055494e-10
1.49682585102134446e-07
-2.17733684908149744e-10
1.4952787472946809e-07
-1.76811364323423426e-10
1.49376450835183371e-07
-9.00508198771426217e-11
1.49234709905899595e-07
-8.46498610969568029e-11
1.49084493386680945e-07
-2.97297119233402924e-11
-3.88449846737890021e-11
1.48944411508409287e-07
1.44089418821638153e-07
-2.16619890037403069e-09
1.44908559996382623e-07
-2.27936375234180811e-09
1.46443605565855047e-07
-2.80321232655531027e-09
1.48615762204741518e-07
-2.07692188101025057e-09
1.4971504661221839e-07
-1.80971464832181451e-09
1.50050926441376184e-07
-1.14592383293469021e-09
1.50081616981121191e-07
-8.78414261260941638e-10
1.49987372408548162e-07
-5.06792374938862147e-10
1.49850496410488082e-07
-3.89659491947690151e-10
1.49696539066962867e-07
-2.03825887619492925e-10
1.4955525842914387e-07
-1.75975135198990432e-10
1.49404301968612522e-07
-7.90835213647951643e-11
1.49257920933656148e-07
-7.74720150185670237e-11
1.49112954032634312e-07
-2.31658321082096129e-11
-3.64785020839732958e-11
1.48973107022910743e-07
1.45082237968201342e-07
-3.60463190903985529e-09
1.46254655214036042e-07
-3.03924807378153073e-09
1.47654681642145724e-07
-3.20582818086747097e-09
1.49705379963997743e-07
-2.25755159446615428e-09
1.50500695902218663e-07
-1.74755791110364144e-09
1.50607672289596511e-07
-1.03028798443086539e-09
1.50432989737888723e-07
-7.35593737600274652e-10
1.50197136002859631e-07
-3.84424496810939347e-10
1.49976861905108192e-07
-3.04678957824150353e-10
1.49778320826956019e-07
-1.45317025405339545e-10
1.4958556472132175e-07
-1.23650613898754631e-10
1.49406945928628976e-07
-4.04428824878372442e-11
1.49249791198723511e-07
-5.95086352462182745e-11
1.49086606105140178e-07
1.62745032550579982e-12
-1.41822579951590719e-11
1.4892684274261642e-07
1.44600159665077385e-07
-4.56084574994547051e-09
1.45471600416197075e-07
-3.49814656448229481e-09
1.46846092816223745e-07
-3.58929681131869388e-09
1.48852902932473748e-07
-2.41674650605561853e-09
1.49665206579194423e-07
-1.72875053525038225e-09
1.49808807572124543e-07
-9.63849757620382222e-10
1.4965317509607087e-07
-6.16373612618328524e-10
1.49442923613695893e-07
-2.89021519900415002e-10
1.49219660703409107e-07
-2.17057795147166958e-10
1.49010539555753595e-07
-7.63016223617642389e-11
1.48833415590618038e-07
-8.69666479792488189e-11
1.48661810260782899e-07
-8.81111140100843172e-12
1.48506455048641558e-07
-4.33378378615557324e-11
1.48351226513076684e-07
1.84729892710570364e-11
-5.61005245291753156e-12
1.48205196862729863e-07
1.39084717714387068e-07
1.36012330103273082e-07
1.33432115092345431e-07
1.32757657595380124e-07
1.31714331743250811e-07
1.30887155033175322e-07
1.30207135392381987e-07
1.29795000182962669e-07
1.29440168752702276e-07
1.29223280273335204e-07
1.28995778546575023e-07
1.28846977324860387e-07
1.28664454187613932e-07
1.28544547235237926e-07
1.28401484648953149e-07
1.28304923090719235e-07
-8.8863360274834757e-12
1.28164422196863405e-07
3.16809009336046007e-11
1.28060317961935542e-07
-4.01676031962898959e-12
1.27927824949881411e-07
2.50919897406955339e-11
1.27827547797554943e-07
-6.35871153013466039e-12
1.27702824393028038e-07
1.88887424103120729e-11
1.27606197412502065e-07
-8.38833387850898566e-12
1.27488081333487022e-07
1.39784403131089961e-11
1.27393965441728702e-07
-9.13944446103358874e-12
1.27281515936686278e-07
1.01370504794147302e-11
1.27189046083190173e-07
-8.88773091728520537e-12
1.27080839777395559e-07
7.84998247975653031e-12
1.26989392414138435e-07
-7.88200637252981431e-12
1.26885009567485599e-07
6.11223973081638839e-12
1.26794808328722909e-07
-6.97842514590526231e-12
1.26693908363353914e-07
4.8378563868643239e-12
1.26605272681691582e-07
-6.28007372917871092e-12
1.26507464233631167e-07
4.06874390071252211e-12
1.26420401765473245e-07
-5.47986945052771926e-12
1.26325566207591976e-07
3.52462812106055377e-12
1.2624054124220947e-07
-5.03813370361908621e-12
1.26149866825521399e-07
1.89357954447110241e-12
1.26065929873969541e-07
-3.54625155616086972e-12
1.25977535352592816e-07
2.24090651168823289e-12
1.25894168335366181e-07
-1.44066664025044747e-12
1.25809571524068858e-07
1.16325174486719861e-12
1.25733671777119169e-07
-6.14354658622066669e-12
1.25650798824343528e-07
2.24739527336879538e-12
1.25570386536630236e-07
1.21992411091030938e-12
1.25490541588237354e-07
2.11151286549549261e-12
1.25419633022091559e-07
-5.35090254164010359e-12
1.25346055536301403e-07
-1.18574236984331578e-12
1.25272403835399232e-07
3.99838608895477326e-13
1.25201239973485044e-07
-5.5893326795387167e-13
1.25132309733573646e-07
-1.23959939020644443e-12
1.25063409921622339e-07
2.99953938779650831e-13
1.24998018832445827e-07
-1.61941400717780297e-12
1.24932926499983346e-07
-3.12736954806409583e-13
1.24871068181017335e-07
-1.92143087622701614e-12
1.24808853216715218e-07
7.37933952866193268e-14
1.24745894278194932e-07
2.472634442787924e-12
1.24688982107487449e-07
-1.8993206296415689e-12
1.24633634123332681e-07
-1.77506430973798959e-12
1.24580244539135551e-07
-2.02802747639654901e-12
1.24526701030499183e-07
-1.54974257316404061e-13
1.24472725555818216e-07
2.01410246002784864e-12
1.24419887849875046e-07
2.62763565643884034e-12
1.24374341270638533e-07
-2.89906980992852164e-12
1.24330568318978842e-07
-2.89575652927805674e-12
1.24286048154037435e-07
-3.58258401847324242e-13
1.24242276289252491e-07
6.93595117466783066e-13
1.24201475964640498e-07
-4.63277765880978314e-13
1.24160372695097359e-07
1.66102742020305924e-12
1.24124836488165253e-07
-2.07989179432964597e-12
1.24089827208091884e-07
-7.70834005098392374e-13
1.24056484802187018e-07
-5.97209982061408268e-13
1.24023161159660258e-07
1.22343252144712842e-12
1.23991846311012459e-07
1.05901025813056715e-12
1.23968691127247623e-07
-5.25651636670295621e-12
1.239442377165962e-07
-2.11576181036171883e-12
1.23915515156141653e-07
3.99421787429488902e-12
1.23890575555735194e-07
2.05035239322638297e-12
1.23873054477563235e-07
-3.5354267681340194e-12
1.23854628388154986e-07
-8.01104432025486694e-13
1.23835666118943362e-07
1.55854030908431086e-12
1.23820409949015589e-07
-3.29793655007299506e-13
1.23811329589762252e-07
-4.69525801450423236e-12
1.23798060978731338e-07
1.2996865588125992e-12
1.2378511157740023e-07
2.77836607328932724e-12
1.23775807849447465e-07
9.24229066871130787e-13
1.23771931789506565e-07
-2.72832689789984515e-12
1.23760128854512174e-07
6.94946741539783501e-12
1.23751784511856497e-07
5.19876620212225535e-12
1.23743176317367391e-07
7.12990666436740017e-12
4.33821962648388715e-12
1.48074539110152905e-07
1.64225763634443628e-11
1.47962442027346856e-07
3.4957574408012217e-11
1.47852016639874388e-07
-1.71198835978119195e-12
1.47749602956194102e-07
2.01045543124932796e-11
1.47636928435561114e-07
-3.19680712301091451e-13
1.47531736137464549e-07
1.82460914162937688e-11
1.47420817537474518e-07
-2.48456671611027412e-12
1.47318456577647654e-07
1.22012970461127403e-11
1.47211876273014e-07
-5.81401535604370471e-12
1.47110662679818364e-07
9.03768562791383209e-12
1.47005569604164287e-07
-5.15184145116365048e-12
1.46905803072386382e-07
7.25979479863218946e-12
1.46804138867989303e-07
-5.54680123678325452e-12
1.46708241445966466e-07
3.73872483960739934e-12
1.46610534121330341e-07
-6.45042094188693423e-12
1.46517216518514478e-07
2.09296695741999101e-12
1.46421525955540842e-07
-5.50495132510866989e-12
1.46328754337610333e-07
3.10016813271798067e-12
1.46235364097946002e-07
-4.63160565228030734e-12
1.46146593451177179e-07
9.83758194753986438e-13
1.46057378704590477e-07
-5.88610672332274427e-12
1.45967853844337791e-07
2.63696721868653169e-12
1.45877113272257634e-07
-2.87970458814871999e-13
1.45787986875233755e-07
5.21320883817191087e-12
1.45709004492533631e-07
-7.26558663413060985e-12
1.45628346487232671e-07
-1.61294628724961286e-12
1.45541709248738051e-07
-1.54853344333983235e-12
1.45442210147348006e-07
2.11202486106057821e-11
1.45368944335511966e-07
-4.7073328799797484e-12
1.45319808870397794e-07
-2.64900511535289812e-11
1.45243083315970959e-07
-4.88824952127460513e-12
1.45149830829346282e-07
1.73036551977938845e-11
1.45081988150381632e-07
-5.00792749900899705e-12
1.45019800645578946e-07
-1.00931370420902719e-11
1.44938463277993893e-07
9.92995632238775527e-12
1.44871618337314638e-07
-1.45460852943673544e-12
1.44813775431911834e-07
-1.07876618781958987e-11
1.44743878087670183e-07
4.17811194516111072e-12
1.44674417257043205e-07
3.76220517392963235e-12
1.44597968472037669e-07
1.4381507358903545e-11
1.44548510040362181e-07
-8.55472481059925737e-12
1.44506654152185245e-07
-1.88592406681812064e-11
1.4443902712822253e-07
8.72906126213602345e-12
1.44379362163769468e-07
2.21984307630330153e-12
1.44313288513259259e-07
1.22212119759261871e-11
1.44250142941966068e-07
1.31983741013177136e-11
1.44231850896029015e-07
-2.92916039817955755e-11
1.44198915197936395e-07
-1.84096147097228956e-11
1.4414367369627956e-07
5.67832171346159116e-12
1.4409004326933759e-07
8.39413764045287875e-12
1.44038202062518973e-07
9.45601327233684566e-12
1.43984127041592638e-07
1.23480627311334975e-11
1.43963517223004081e-07
-1.71694188972555451e-11
1.43937788868515053e-07
-1.39691080478370246e-11
1.43889006784711645e-07
1.22308400699875558e-11
1.43839287253405739e-07
1.51858218379611373e-11
1.43804566646973159e-07
3.84863002241966657e-12
1.4380166300704578e-07
-2.62945519963980206e-11
1.43786279878589472e-07
-1.82840571675166044e-11
1.43724770300666161e-07
3.28251257073125337e-11
1.43681382451557775e-07
2.26550776895173254e-11
1.43698090319724738e-07
-3.75489329400137604e-11
1.43697327358314512e-07
-2.38273634835781093e-11
1.43639743079572368e-07
3.7555984483338892e-11
1.43611178732280112e-07
1.27200916095757452e-11
1.43642695018684637e-07
-4.74318100528086862e-11
1.43628410428306418e-07
-4.18356227235945783e-12
1.4356852577056152e-07
4.92148421895462538e-11
1.43554200150330111e-07
6.93471052172752077e-12
1.43596865613875216e-07
-5.01223083162076753e-11
1.43596657606046659e-07
-9.12371298614658854e-12
1.43559484364812621e-07
3.92690066622750539e-11
1.43546549530758217e-07
1.49880681947358526e-11
1.43548642556039896e-07
3.55774574611724675e-12
4.21721801109337022e-12
1.48827922800094745e-07
7.17636435099278114e-12
1.48738853563076681e-07
1.52071059265592943e-11
1.48617549074366733e-07
1.14721320839544102e-11
1.48511758599052613e-07
1.84945678747003183e-11
1.48399022930412969e-07
5.78063584405616156e-12
1.48298510173029024e-07
1.29245678549641961e-11
1.4819001127734992e-07
9.99638425253253652e-13
1.48088710351848914e-07
9.36476694241261409e-12
1.47981278768996261e-07
-1.63718933267301625e-12
1.47881088098321653e-07
6.91597008000892486e-12
1.47777029573455771e-07
-2.45044521555233441e-12
1.47678627006955363e-07
5.30610288905769038e-12
1.47578195150328091e-07
-4.4440780997032125e-12
1.47481080178696339e-07
2.58318248878950483e-12
1.47381821114309613e-07
-4.37094288834038441e-12
1.47285842899350647e-07
2.00906691633315039e-12
1.4718997986241349e-07
-4.55768679943496285e-12
1.47096440653899738e-07
2.89947572061732816e-12
1.47001948142575952e-07
-2.68151508708762831e-12
1.46911602703490321e-07
1.78776718763931304e-14
1.46819700259794492e-07
-4.0469091253651268e-12
1.46730012565122047e-07
3.54334757567387276e-12
1.46644988863660717e-07
-2.74705606881238646e-12
1.46562222775646516e-07
1.8251465757239977e-12
1.46473301793357976e-07
-3.15275443448385877e-12
1.46387416399094978e-07
8.38201888397411278e-13
1.46301810519537671e-07
2.01407502219082173e-12
1.46238194623689898e-07
4.10952079984137085e-12
1.46162457948248725e-07
-8.16434029918557172e-12
1.46065021565859568e-07
-6.78941072077198006e-12
1.45982860319791214e-07
1.01125839834809867e-12
1.45921788787461358e-07
3.60762315774978744e-12
1.45848123930300144e-07
-4.59520223085510842e-12
1.45766982187337058e-07
-6.67571971228921534e-13
1.45704571249475766e-07
2.17447226216122694e-12
1.45636487578057649e-07
-1.9682942042746629e-12
1.45559852375707638e-07
-1.1585538288976249e-12
1.45497429593272031e-07
1.19812409823723398e-12
1.45435666184427725e-07
1.74134459936719326e-12
1.45384351262120066e-07
3.55075987362797599e-12
1.4532069747171034e-07
-5.3860876693190532e-12
1.45246135661179323e-07
-3.10844726672965294e-12
1.45196308078210209e-07
1.43293948652719527e-12
1.45140208238236621e-07
2.8989205824347509e-12
1.45094775608351021e-07
3.95615130749305739e-12
1.45058777046733548e-07
-2.76391073052602138e-12
1.44990801268926446e-07
-1.15252878373978533e-11
1.44926706664215315e-07
-2.75904952384433273e-12
1.44883385536198307e-07
2.332936380058051e-12
1.44843221926784411e-07
3.68098234078987589e-12
1.44805978443140777e-07
3.62934875679106737e-12
1.44775298741485171e-07
1.76664942328678417e-12
1.44726619433150061e-07
-7.93449446011053997e-12
1.44675588368740129e-07
-5.48198764484649354e-13
1.4464777077618891e-07
4.27153542480426877e-12
1.44624334143274438e-07
4.6793671225107777e-12
1.44597380233820517e-07
-1.29757311994578255e-12
1.44548367854432084e-07
-7.53569480163170112e-12
1.44503956980312821e-07
-2.28381875822963965e-12
1.44499766550318552e-07
1.04477068666679554e-11
1.44497566405015225e-07
1.27877844147071961e-13
1.44452397213614019e-07
-1.52676579954687705e-11
1.44404907238710463e-07
2.60761188082558577e-12
1.44411078560334291e-07
1.21591465571124882e-11
1.444076088160747e-07
-1.21175006938270674e-12
1.44350396862161696e-07
-5.80438895172962807e-12
1.44335508248362837e-07
-3.06857955038135084e-12
1.44374451969199253e-07
-1.69913266782692377e-12
1.44368824072976717e-07
2.39189186798871463e-12
1.44318407995160431e-07
-8.0856353720515531e-12
1.44298879895409459e-07
3.801746354468449e-12
1.44329358761675078e-07
3.93545328249092867e-12
1.44335132501308381e-07
6.06961879175568577e-12
1.44330486883239409e-07
6.72458672847772605e-12
3.98159953506131813e-12
1.48850596933758193e-07
2.24355550521116856e-11
1.48732778603942195e-07
2.4206496689850439e-11
1.48628379212818878e-07
7.75195114989085513e-12
1.48524249620864341e-07
1.52244874264316057e-11
1.48419735605453109e-07
3.65998938876162016e-12
1.48316179300985273e-07
1.06472072925892714e-11
1.48210771218561069e-07
1.39373219141582396e-12
1.48109140144049412e-07
6.85878192464422336e-12
1.48002429411003387e-07
1.81948387902896013e-12
1.47898944219373779e-07
8.08913358666641756e-12
1.47794970114563302e-07
1.67122311755414988e-13
1.47695677169420295e-07
4.24317987781293999e-12
1.47593820599812512e-07
-1.91609728402621173e-12
1.47496692570020147e-07
1.44092093747021869e-12
1.47398353447179309e-07
-3.21103734347525557e-12
1.47303134990206756e-07
1.16542228905420735e-12
1.47208592536096265e-07
-4.9308425152897626e-12
1.47114308496486253e-07
3.443432898111928e-12
1.47020824553683124e-07
-1.73994081973364803e-12
1.46930421744229959e-07
-8.90852702054936088e-13
1.46841470691205191e-07
-5.15928967022190119e-12
1.46752479563792945e-07
3.75264099099075208e-12
1.46662724214032916e-07
-4.75410876866706315e-13
1.46577245195238386e-07
1.14924643000407731e-12
1.4649037194273775e-07
-1.08791879749243286e-12
1.46408384187520296e-07
-6.08715039146220199e-13
1.46329780234040401e-07
-1.42579776289611123e-12
1.46250006681952179e-07
3.25576426999344764e-12
1.46166957733165558e-07
-4.30941628055603556e-12
1.46085567165165833e-07
-3.13513622907167393e-12
1.46011454088395937e-07
-1.13832241996896183e-12
1.45938844668396674e-07
1.44861711273153897e-12
1.45863449271620121e-07
-2.4526546294011238e-12
1.45791268067680981e-07
-2.0412405301638391e-13
1.45722641847399509e-07
6.36686003767798703e-13
1.45653658381187979e-07
-1.58229504630310265e-12
1.45588158833612435e-07
-2.66763960052626368e-12
1.45523070969409185e-07
8.7933530835431404e-13
1.4545941012322909e-07
1.61791399895873289e-12
1.45397561405402977e-07
3.25746663552942832e-12
1.45335212016118665e-07
-3.52189580919365749e-12
1.45276835012539365e-07
-3.54422884462862866e-12
1.45219072046119112e-07
2.0721876599604563e-12
1.45164033885824809e-07
2.52079512875043118e-12
1.4511115262150937e-07
3.14392202499525316e-12
1.45060550324099303e-07
-4.12066169430582367e-12
1.45004580564151556e-07
-5.76321823916674303e-12
1.44956154084202983e-07
-2.77563888863031226e-12
1.44911593265088517e-07
2.29657941631109084e-13
1.44869249519436286e-07
1.15309376018089781e-12
1.44826015765719588e-07
3.79294040453089152e-12
1.44784398970336959e-07
2.1214487447213551e-12
1.44742314581123458e-07
-5.2903091299507206e-12
1.44707030834376478e-07
-2.87537481950163157e-12
1.44670529241919887e-07
4.99438680655487751e-12
1.44636850755425366e-07
4.41644842717894169e-12
1.44606846222466629e-07
-3.39032030761186969e-12
1.44576714619783463e-07
-7.65677809724320465e-12
1.44550282948432159e-07
-4.2618590741690014e-12
1.44519653764006022e-07
1.45115573997270055e-11
1.44494674718393107e-07
3.81913826134757628e-13
1.44473121396328928e-07
-1.66017883828139022e-11
1.44454092783905376e-07
5.82295470040160288e-13
1.44428368501891148e-07
1.86585946271541292e-11
1.44407450235068208e-07
2.30480245803452548e-12
1.44394458389195026e-07
-8.39659003175656299e-12
1.44390061174977546e-07
-1.24440991406483231e-11
1.44377338169642519e-07
-9.42709810734553045e-13
1.44367279475751107e-07
2.28129867331800055e-12
1.44356813918170649e-07
-5.99956225004490728e-12
1.44345739630198939e-07
8.27119951878447548e-12
1.44331582054073595e-07
1.32391906882767754e-11
1.44327691065138592e-07
6.81566658281248079e-12
1.44328665513788319e-07
4.271156053364139e-12
2.46207507282249059e-12
1.48846038088844082e-07
1.32149207232114384e-11
1.48743804698156797e-07
1.7622317319440686e-11
1.48631506332334633e-07
1.19322854507148719e-11
1.48525563915591231e-07
1.37685758827374433e-11
1.48414797904577852e-07
7.79273160881522317e-12
1.483104806940741e-07
9.13212752920123212e-12
1.48203835740934055e-07
3.02586031077295389e-12
1.4810107818929159e-07
5.48053992521409917e-12
1.48003174737416853e-07
-3.53012719687362122e-12
1.47903302416450215e-07
5.6505428123976387e-12
1.47797924382922975e-07
4.18949113667984841e-12
1.47697756423026404e-07
4.0561668198322746e-12
1.47597186109087608e-07
-6.73780579328776208e-13
1.47500360883767363e-07
-3.40844544367915618e-15
1.47403051501239144e-07
-3.08047489833069106e-12
1.47306037493595464e-07
2.11791032487437759e-12
1.47205051003257953e-07
1.14027704478476415e-12
1.47116991296083146e-07
-2.23660998592515928e-12
1.4702602688367064e-07
-3.31788836537422481e-12
1.46932356884551507e-07
1.46749143173291157e-12
1.46836318593254591e-07
8.15349067341050219e-13
1.46752367886423841e-07
-1.07880416077995929e-12
1.46666667694521259e-07
-2.25929080739978875e-12
1.46581482100204086e-07
1.79680400365585484e-13
1.4649848487657587e-07
-2.89980354639569281e-12
1.46412690096383974e-07
1.75053643754248034e-12
1.46328825263475435e-07
3.94169967691548047e-13
1.46251219304785487e-07
2.33621681146301247e-13
1.46169896994191063e-07
-2.18194483753840115e-12
1.46088718282893428e-07
3.0624772558418801e-13
1.4601248788491916e-07
-1.17131693697600688e-12
1.45939470197323424e-07
-3.01869114600901732e-13
1.45864650514586773e-07
-8.86051321682299635e-13
1.457929177026596e-07
-1.9062189838504803e-13
1.4572383449977691e-07
-4.46978036858737679e-13
1.4565401532346472e-07
-3.61505826613238832e-13
1.45583699754483224e-07
6.38285133872299176e-13
1.45518324788570816e-07
8.4891221770015688e-13
1.4545640253958678e-07
-2.41399143584631401e-13
1.45399929564381996e-07
-2.41243622703879585e-12
1.45337138758344836e-07
-1.21664834181179518e-12
1.45271982857980444e-07
2.7995171276765914e-12
1.45216177787597256e-07
7.55906872303510121e-13
1.4516644193736409e-07
-3.15879349300441776e-12
1.45117042760273647e-07
-1.15267859870957107e-12
1.45061711185196252e-07
-7.46784893015991481e-13
1.45007229789270468e-07
-1.4885414312463456e-12
1.44956050097194265e-07
-3.71969417390571221e-14
1.44909351026541771e-07
2.66378520303926408e-13
1.44865033814716689e-07
5.97616427658583418e-13
1.44826085665517036e-07
-3.30925104168567491e-13
1.4478870583629056e-07
-1.75770258842349743e-12
1.44743712824165708e-07
2.64922153008712388e-13
1.44700544774817942e-07
2.68279763323140764e-12
1.4467063301887076e-07
-8.70451277397884434e-13
1.44642798984939508e-07
-1.68680466373370788e-12
1.4460746493982822e-07
-1.51005448650719563e-13
1.4456926817201227e-07
2.89105297060472259e-13
1.4452957406229173e-07
7.02512931028754347e-12
1.44521601951608678e-07
-4.08069963670412297e-12
1.44501477690513026e-07
-4.21755594933272751e-12
1.44453456085511724e-07
8.53367295843252556e-12
1.44434707127924135e-07
-1.72135530181876939e-12
1.4444331367680941e-07
-9.1721602292502217e-12
1.44430260008894343e-07
-2.04271196811387954e-12
1.44402486981143609e-07
3.79297205335096573e-12
1.44370137225672138e-07
6.13348258233508598e-12
1.44357248647178779e-07
-2.0205824333722763e-14
1.44358746442480146e-07
-9.38533273547638697e-12
1.44348210809739977e-07
-3.84298946424786945e-12
1.44347288289149997e-07
2.59137628862146676e-12
1.44353252072507089e-07
2.42222686825959042e-12
1.44350917526357771e-07
6.00549018848435321e-12
1.44348836272022968e-07
4.87367359744655588e-12
2.66498792390065914e-12
1.48840212959999167e-07
2.02354143473186264e-11
1.48730914412149651e-07
1.81055159819416511e-11
1.48625180481884733e-07
9.55001507797549803e-12
1.48519914871002036e-07
1.16377735457664206e-11
1.48415486135531451e-07
5.58996559527500191e-12
1.48310759249166133e-07
8.02838450917668349e-12
1.48206549827465907e-07
2.22418583638193581e-12
1.48103546951940236e-07
4.34929065602536444e-12
1.4800109166881101e-07
-4.32622249287830364e-12
1.47897335354115876e-07
7.09747887147926357e-12
1.47792125994024988e-07
8.04472529886396225e-12
1.47692506202317107e-07
3.32228788050675253e-12
1.47594364091732704e-07
-1.85830625792504482e-12
1.47496450764777635e-07
-3.58424003984580193e-13
1.47400024343811167e-07
-3.83191314508062662e-12
1.47302893430092296e-07
3.18811676360152801e-12
1.47207487263897531e-07
1.63176351510329482e-12
1.47114659060818803e-07
-3.14770372083421639e-12
1.47021663753749526e-07
-2.86456947857304773e-12
1.46930765289955209e-07
1.0544638628595848e-12
1.46841226509489825e-07
2.90625863180711765e-13
1.46752714590309608e-07
-1.34912150239990003e-12
1.46665019459580741e-07
-2.04828304902251362e-12
1.46578651270662135e-07
3.92345040280027419e-13
1.46492401886861533e-07
-1.45986157123531615e-12
1.46409766278426688e-07
9.5013543962883152e-13
1.46328220250393516e-07
-1.04722001738769368e-13
1.46246888498028364e-07
9.37212311897574542e-13
1.46166566955631652e-07
-1.05596891424996983e-12
1.4608916385746621e-07
-2.87390765331048554e-14
1.46012603457495479e-07
-8.75001401882587352e-13
1.45938000658404129e-07
-4.6670099890437433e-13
1.45864751141469709e-07
-8.90072232497275816e-13
1.45793184443290319e-07
-3.44273347425639724e-13
1.45723176472473354e-07
-6.06230496527340206e-13
1.45654857734813841e-07
-6.41545599836620633e-13
1.45589096245180832e-07
-6.10010919007882207e-13
1.45524296194106535e-07
2.43205259039524463e-13
1.45458883649070579e-07
1.38844257328488337e-12
1.45395306561915209e-07
-9.78095160055614725e-13
1.45335684238380235e-07
-2.07941579695819278e-12
1.45280311905457923e-07
-6.39860933397823528e-13
1.4522042973339193e-07
3.5155742967153714e-12
1.45162332936496779e-07
-4.78000239504260057e-13
1.45109246597411727e-07
-1.75963005412185359e-12
1.45058056318993659e-07
-1.51294994420012711e-12
1.45007930108310587e-07
-1.5672955330269706e-12
1.44960530595020144e-07
-1.07707114044317832e-12
1.44913298871647319e-07
8.37215716028996739e-13
1.44867664322421129e-07
1.36252458376155354e-12
1.44824748079801185e-07
-4.81755825511671563e-13
1.44782834353670944e-07
-1.09962450829721233e-12
1.44743836103385509e-07
-1.7184734354354965e-13
1.44706926104293443e-07
1.98625187914199849e-12
1.44670103317499594e-07
1.80093005764227797e-13
1.44635420641550681e-07
-9.38114492799485564e-13
1.44603585808802611e-07
-4.08218714814246543e-13
1.4457399604451139e-07
-3.69571932057151991e-13
1.445484798963967e-07
4.13623056998109614e-12
1.44519110533153004e-07
-1.27379021304235693e-12
1.44492300322008149e-07
-2.1289384812357749e-12
1.44473255295140264e-07
4.6938840890163268e-12
1.44451670179771542e-07
-1.18795277348003017e-12
1.44427366199004545e-07
-4.09128316474054159e-12
1.44410241215054738e-07
-2.31788934741732318e-12
1.44397326457687037e-07
1.12451728299284772e-12
1.44385997402114435e-07
3.690123992647725e-12
1.44377250474689602e-07
-3.24179040683833675e-12
1.4436542715967071e-07
-7.73202908482375326e-12
1.44364524805120887e-07
-1.13202772591263398e-11
1.44354973141830961e-07
5.53919848966138821e-12
1.44339601697096141e-07
1.29395037166428292e-11
1.4433250600339518e-07
9.95621854725053579e-12
1.44328265817080461e-07
7.63522780393035546e-12
1.41769700003078177e-12
1.4883712539112575e-07
1.21812095861408269e-11
1.48732666414180733e-07
1.3752089304802228e-11
1.48625334034183248e-07
8.76922545302006831e-12
1.48520165490241863e-07
9.41284849201670317e-12
1.48412994176976733e-07
6.13257168477452324e-12
1.48308788001260895e-07
6.40674700070054748e-12
1.4820149983214031e-07
4.50389127268739489e-12
1.48097306693863295e-07
4.41076701553245997e-12
1.4798252044917579e-07
7.21101217522365182e-12
1.47888314223829602e-07
-1.00349217259237111e-12
1.47805195296398227e-07
-1.01884613385652567e-11
1.47708379636488972e-07
-2.13712669400707436e-13
1.47604466754738489e-07
2.72970241969748405e-12
1.47501505839817918e-07
4.33573978369049051e-12
1.47397332339255058e-07
3.16529922608739294e-12
1.47306266853885438e-07
-1.80572472356085437e-12
1.47216218512876288e-07
-3.23348185588946207e-12
1.47118684039000362e-07
6.48478547473372023e-13
1.47023547858188773e-07
-2.69583429734775522e-13
1.46932544319852899e-07
7.47241478360631364e-13
1.46843355441896272e-07
-5.83652329701261292e-13
1.46753542438238645e-07
-3.18098770651588692e-13
1.46664558494567723e-07
-5.48416542282618271e-13
1.46579306627080014e-07
-5.11578742784029153e-13
1.4649337033187527e-07
-3.33199242137792625e-13
1.4641015440977228e-07
7.29707558052652869e-13
1.4632814552242219e-07
-1.41518684368651459e-13
1.46248144919056602e-07
3.08450183133829596e-13
1.46168301284612013e-07
-4.08518671091584281e-13
1.46090604834066832e-07
-7.09583164507988257e-14
1.46014065883371055e-07
-6.00718484390023166e-13
1.45939063903817173e-07
-2.33144561879825135e-13
1.45865414715214195e-07
-4.95025834244177711e-13
1.45793544852059004e-07
-1.9537161059438524e-13
1.45723144017538195e-07
-3.73351799092810311e-13
1.45654071158784301e-07
-1.67943667678102503e-13
1.45586144171194925e-07
3.06746070183426133e-13
1.45520876763089305e-07
1.04584679037136786e-13
1.45459871895142184e-07
-1.38829240261057889e-12
1.45397072658665325e-07
-3.21115887334284076e-13
1.45333934086595694e-07
5.74426880496404357e-13
1.45273289610800404e-07
1.19367349557070723e-12
1.45221700838013051e-07
-2.0166940800675438e-12
1.45166732808844546e-07
-9.24243312700734078e-13
1.45111313941606484e-07
-3.29550447302442754e-14
1.45058492333257873e-07
-6.46110573641771039e-13
1.4500716149342668e-07
-4.39581368182362666e-13
1.44957256187364741e-07
3.90945764639252887e-13
1.44912000549723424e-07
-5.65697385859671976e-13
1.4486933319280994e-07
-8.3719598808760521e-13
1.44825967849077144e-07
-1.81156427869425642e-13
1.44783302405834784e-07
3.1308922751085307e-13
1.44742857323325948e-07
8.41151536054689171e-13
1.44706946750366228e-07
2.93124629111958508e-13
1.44671757098444848e-07
-3.99734491801064454e-13
1.44636197432334112e-07
6.90539631396051089e-13
1.44602867578825161e-07
8.32316049369978142e-13
1.4457119797175138e-07
1.05400369928838079e-12
1.44545899762604813e-07
1.03174523734342618e-12
1.44519122102712636e-07
-1.05658837309308869e-12
1.44491700499481609e-07
5.72442507468985499e-13
1.44472866136539398e-07
6.44846772725594184e-13
1.4445252437100469e-07
-1.89679698982883092e-12
1.44430727521647775e-07
-1.51678754657486545e-12
1.44412200672062034e-07
-1.19081309931454154e-12
1.4439705136694258e-07
6.90699855070448215e-13
1.44385689288923246e-07
1.2796024165704735e-12
1.44372572254647169e-07
-2.09295232225036118e-12
1.44353548830306242e-07
1.12114033300274624e-12
1.44324991153228774e-07
8.85716696732686199e-12
1.44325199964479701e-07
-1.27426572723044924e-12
1.44338648108617841e-07
-5.36347529138969706e-12
1.4435093770381339e-07
-5.4791789615843053e-12
1.44361301948751504e-07
-4.20834133372017737e-12
5.34098935768209549e-13
1.48830273773726985e-07
1.2188594235191937e-11
1.48725382207128844e-07
9.83498402561943919e-12
1.48620369562395789e-07
5.67237087811230592e-12
1.48516464044945626e-07
5.9284502889966347e-12
1.48412825754715244e-07
3.14575451853218612e-12
1.4830883225793721e-07
4.57590614417108182e-12
1.48204692218467893e-07
3.638837660210426e-12
1.48100067444680162e-07
4.9072376512726245e-12
1.47998900107190016e-07
5.13251951630244037e-12
1.47897552251624142e-07
-1.95978963905802444e-12
1.47795650790537897e-07
-9.63613503391393671e-12
1.47691905027428352e-07
3.18314212082147868e-12
1.47590566052452623e-07
4.74638178694628865e-12
1.47494040847368951e-07
2.59660621794911813e-12
1.47398877340385655e-07
1.15473912758117478e-12
1.47303169741382458e-07
-2.15555018783919913e-12
1.47207350220098045e-07
-2.32566028809153731e-12
1.47114609837702974e-07
-3.47811297237181769e-13
1.47023067144189556e-07
-1.26677729168174316e-12
1.46931044215135048e-07
1.46039245518692186e-12
1.46840177536782424e-07
2.20817749217276989e-13
1.46751781598152607e-07
-7.03462236866720532e-13
1.46664456127972261e-07
-7.06470040660871427e-13
1.4657809995349982e-07
-3.10760271460396555e-13
1.46493194158229092e-07
-2.36910848222663547e-13
1.46409503577561984e-07
9.83997092800737532e-13
1.46327030819595155e-07
2.85520061592176361e-13
1.46246355919674217e-07
3.54249631706018673e-13
1.46167205028800434e-07
-4.53997073875317612e-13
1.46089721222907652e-07
-3.26037877568500944e-13
1.46013530436190881e-07
-6.74887842373605926e-13
1.45938906011326919e-07
-3.77452294752776187e-13
1.4586554220525715e-07
-3.85665687410696398e-13
1.45793747062146196e-07
-1.21515726983359417e-13
1.45723367780706636e-07
-1.62296496332987048e-13
1.45654677338266587e-07
-7.67823527107731244e-14
1.45588128162327201e-07
-1.5380715599407959e-13
1.4552255461556012e-07
2.73141904527152699e-13
1.45457901970754037e-07
-5.16754759438360919e-13
1.45395890826668381e-07
-4.51540120220157817e-13
1.45336083069889173e-07
-1.01501319478626945e-13
1.45277727844562921e-07
7.38795304630683646e-13
1.45219535034617105e-07
-9.43260147508964414e-13
1.45163730256887426e-07
-5.32115867978591673e-13
1.45110371787530633e-07
-3.64838146291960583e-13
1.45058359833095529e-07
-5.86912852850061301e-13
1.45008131799866602e-07
-4.12319170446365661e-13
1.44960184345655592e-07
-9.621370610188775e-14
1.44913350765509832e-07
-3.87638971301959992e-13
1.44867872568380769e-07
-2.2328390252404083e-13
1.44824606672472429e-07
2.29053963507264692e-14
1.44783328309282731e-07
3.41732674821309781e-13
1.44743946132290643e-07
7.94475253252679295e-13
1.44705216959175332e-07
1.42170702916044414e-12
1.44668392752135321e-07
6.58104677677764857e-13
1.44634986813690501e-07
1.68482127056682528e-13
1.44603633274273088e-07
9.93442023102699215e-14
1.44574408003537268e-07
3.57081204607109664e-14
1.44545754534605279e-07
1.28468883545400832e-12
1.44518649596952474e-07
-5.10257850194057016e-13
1.44494866233708078e-07
-3.62900669796171612e-13
1.44471332037352416e-07
1.29678439622769873e-12
1.44448547296279469e-07
-1.61767581664525371e-13
1.44427466548583532e-07
3.42132838788668331e-13
1.44408054945829615e-07
8.21346433684328716e-13
1.44394376087680248e-07
-1.21335485276409192e-12
1.44382951446900073e-07
-1.06831838117483997e-12
1.4436895203419133e-07
-6.21152418923618381e-14
1.44362720279620211e-07
-2.81743310372257106e-12
1.44359783263404917e-07
3.41366095742974026e-12
1.44352893090996039e-07
-9.8850470581219706e-13
1.4434675457834782e-07
-4.07966293455467084e-12
1.4434156837003765e-07
-3.43849896181115338e-12
1.44338190047496743e-07
-2.30905353406727171e-12
1.37289636649949647e-12
1.48830652934353255e-07
5.10645451728176279e-12
1.48726543949461428e-07
5.14042852385964478e-12
1.4862080151792765e-07
3.31014905484853072e-12
1.48515338888534609e-07
4.00597508079232401e-12
1.48409812385991958e-07
2.05177711001629885e-12
1.48307033683877772e-07
1.53474752470218356e-12
1.48204263761439602e-07
1.40805157580337286e-12
1.48102340953573017e-07
2.70588880416473605e-12
1.48003639872053394e-07
5.91866589361341394e-13
1.47899236931215319e-07
1.42987523695462074e-13
1.47784404545223625e-07
3.85089977388179636e-12
1.47688670306501692e-07
-1.42784312998784405e-12
1.47598009006948478e-07
-3.91117042300195132e-12
1.47502865733906913e-07
-5.21387309981707924e-13
1.47407254967190248e-07
-4.0564897277968417e-13
1.4730769985532236e-07
1.34485636821601181e-12
1.47209463962549385e-07
1.00095846219662033e-12
1.47115189156185783e-07
1.92486926450709942e-13
1.47021124371354679e-07
2.60151192670519698e-13
1.46932101710018596e-07
-8.24835124869740824e-13
1.46843142006943049e-07
-8.80121566231890142e-13
1.46753267558895479e-07
3.91014952122538128e-13
1.46665008408151534e-07
7.02852423585834087e-14
1.46578184450999738e-07
3.58790700691050159e-13
1.46492736633744766e-07
4.02052048141210972e-13
1.46409640346937856e-07
6.44477285745811389e-13
1.46327589243313155e-07
2.91281489792474822e-13
1.46247177292702088e-07
1.37125545002221312e-13
1.46167705597190816e-07
-1.78596244839196755e-13
1.46089757351839274e-07
-1.16679555185465742e-13
1.46013166696732607e-07
-3.49168687208817092e-13
1.45938408636399614e-07
-3.8811008853444171e-13
1.4586510461297135e-07
-3.36067119419517841e-13
1.4579348153360594e-07
-2.19689425960192903e-13
1.45723374846802019e-07
-2.2375966225806202e-13
1.45654741320158022e-07
-4.23007726555369311e-14
1.45587464184679422e-07
1.13841314558637291e-13
1.45522606753399913e-07
-2.74353942831561829e-13
1.45458633407317681e-07
-3.23578246995393117e-13
1.45396166318616109e-07
-1.2493721783507933e-13
1.45335430078721517e-07
1.52205572889481267e-13
1.45277559060805928e-07
-1.98742244069649167e-13
1.45219829375225604e-07
-3.31168999326076527e-13
1.45163981686020189e-07
-9.51726425498476921e-14
1.45110180785645874e-07
-2.52149423898565456e-13
1.45057986918825187e-07
-3.4343096631591082e-13
1.45007659158895974e-07
-2.82704023981458694e-13
1.44959343381416337e-07
-2.12313153475833363e-13
1.44912540504268486e-07
-2.37287793981253759e-13
1.44867586287858646e-07
-1.30225274016117876e-13
1.44824189605827661e-07
3.60934736727738562e-13
1.44782373256261039e-07
9.11712171670564514e-13
1.44742347326903553e-07
1.39491749611515155e-12
1.44705685073592255e-07
4.86679424028268539e-13
1.44669893212618577e-07
6.86684893747376646e-13
1.44635546663727811e-07
5.90056226828623052e-13
1.44603066155968745e-07
4.96112691082783008e-13
1.44572340031696921e-07
5.20724318241469408e-13
1.44545553691607294e-07
-3.2745507899385376e-13
1.4451834579698466e-07
1.40757061888555799e-13
1.44492677947279047e-07
5.8743449865402288e-13
1.44471882806890806e-07
-7.89397485692464971e-13
1.44451699929361819e-07
-1.02793696621395575e-12
1.44432627622883866e-07
1.92884467913176187e-13
1.44415167666845359e-07
8.81898016251093605e-13
1.44398568620788293e-07
-1.97481094232027141e-13
1.4438494827872297e-07
-1.22105890811687901e-12
1.44374132202442617e-07
-1.2152296192315165e-12
1.44362081595241057e-07
-9.38074776048572182e-13
1.44355460244656598e-07
1.65374765126831522e-12
1.44348771846109821e-07
-9.05307408039190679e-13
1.44341709189920231e-07
-1.87231716238581497e-12
1.44337134750138771e-07
-2.01006597625019043e-12
1.4433444278369266e-07
-1.09644790519324207e-12
-9.40883367408196776e-13
1.48825567944318708e-07
-1.91152275894378525e-12
1.48724583210517465e-07
-2.67249508631779993e-12
1.48623902817589509e-07
-4.10819080017940867e-12
1.48525662422833349e-07
-5.13305106331590708e-12
1.48422042092054215e-07
-9.42891886559471726e-13
1.4831386398995011e-07
3.89860153427987882e-12
1.4820771018524185e-07
2.56649235324618191e-12
1.48100659299021177e-07
5.63775203693672257e-12
1.47995133941092702e-07
2.88044052920309825e-12
1.47892831769102695e-07
1.49750382158173844e-13
1.47792897420852981e-07
2.44459121364392826e-12
1.47693862874502095e-07
-2.73422503355577354e-12
1.47595099415716816e-07
-4.46241465106317874e-12
1.47496677726244256e-07
-3.57086173161180486e-13
1.47398592935109985e-07
5.1174892294167848e-13
1.4730279430760822e-07
1.09228578750260006e-12
1.47208354075253627e-07
5.35105989894981845e-13
1.47114787839284633e-07
2.71025940641892515e-14
1.47022412607873503e-07
1.00172253392176338e-13
1.46931116874623753e-07
-8.34648032963791161e-13
1.46840526782373058e-07
-3.48494735519849188e-13
1.46752095755691154e-07
4.3990375994160005e-14
1.46664447762412717e-07
2.37548596397876356e-13
1.46577774462614778e-07
8.79067976945502196e-13
1.46492504506393606e-07
8.64407001350041088e-13
1.46408760408494583e-07
9.53805932692680361e-13
1.46326696782697506e-07
3.10399278649101825e-13
1.46246168063390992e-07
3.74620904596872368e-14
1.4616725683929455e-07
-4.63049754638829267e-13
1.46090213516663534e-07
-8.11682747902153647e-13
1.46014119840305158e-07
-5.19952307110404394e-13
1.45939358379467924e-07
-3.94942534213022274e-13
1.45865717543960558e-07
5.08047796057901567e-14
1.45793566524436984e-07
2.10552417867574415e-13
1.45722853176528214e-07
3.21984383959159144e-13
1.45653872193083676e-07
3.40308354415363435e-13
1.45586977952581526e-07
-4.30991991894451401e-16
1.45521745138209439e-07
-4.45094811981921723e-13
1.4545776669246614e-07
-1.2407700219417407e-13
1.45395562158176216e-07
-5.93211388866715576e-14
1.45335284117396221e-07
-5.04768259750317132e-14
1.45276657861628368e-07
-3.78889792680649839e-13
1.45219807096170547e-07
-5.95899697661277826e-13
1.45164216080200049e-07
8.74587531605017196e-14
1.45110227215296647e-07
5.0984448851596364e-14
1.45058358811228232e-07
-4.22691819353478369e-13
1.45008172809666604e-07
-2.91914117950300191e-13
1.44959644327081906e-07
-1.12592764720527916e-13
1.44912588727298762e-07
1.68951991247288586e-13
1.44866891632327166e-07
7.08961812203940807e-13
1.44822438291467159e-07
1.75887474992944516e-12
1.44780330534980222e-07
1.77632846029235702e-12
1.44741885710616431e-07
4.17455558113788654e-13
1.44705674599876629e-07
-8.96350692696827635e-13
1.44670518643534881e-07
8.23721950528472145e-14
1.44636412488706549e-07
7.74023246235166026e-13
1.44604490806036202e-07
3.36522107492399701e-13
1.44574223664298608e-07
5.48932021375370208e-13
1.44545492031536426e-07
7.54327289094367434e-15
1.44518904770775201e-07
1.72546757107245732e-13
1.44494561832930689e-07
2.13905248948940035e-13
1.44469813238349095e-07
1.07856733934255208e-12
1.44446022930588058e-07
1.71358351748518921e-12
1.44427663836816959e-07
-6.69625260020629044e-13
1.44413256650746204e-07
-2.11068118354058562e-12
1.44399426641471211e-07
-1.95116799024119507e-12
1.44383700026029615e-07
7.31855750205478292e-13
1.44369445464926445e-07
1.0697041880160914e-12
1.44357454230371924e-07
8.8119976284113545e-13
1.44353251928207456e-07
-2.52607058343155608e-12
1.44349242491579325e-07
-3.50195673977623937e-12
1.44344438120428563e-07
-1.92417457592507397e-12
1.44341624153454308e-07
-2.34278218975963841e-12
1.44340817546006735e-07
-1.7696622264995565e-12
-1.86124814795429885e-12
1.48824808636181806e-07
-6.82012421141412656e-12
1.48721301116939151e-07
-7.95562802850968833e-12
1.48615981245792626e-07
-6.88014308760438669e-12
1.48510004099462088e-07
-6.52847435499381743e-12
1.48403176634584867e-07
-7.23624885165084301e-13
1.48298362095560363e-07
2.90536175850780812e-12
1.48194100032697009e-07
1.83969266774085776e-12
1.48097558839100978e-07
-1.93341629543445935e-12
1.47999013794508058e-07
-1.80525151827565764e-12
1.4789559160198731e-07
1.28240320542570372e-12
1.47797219627317587e-07
-5.18497147917396237e-13
1.47695924640655769e-07
-1.77487739217500299e-12
1.47593678189430436e-07
-1.52545087812804592e-12
1.47496227023138017e-07
-1.15801065790928392e-12
1.47400259227726525e-07
-6.83206888090565855e-13
1.47304009778553179e-07
1.29484934983832649e-12
1.47208240281336462e-07
1.40254229631683162e-12
1.47114754504512317e-07
-2.14993269238767685e-13
1.47022231133332378e-07
9.18266416837429719e-14
1.46930148457632195e-07
-5.4380727517021677e-14
1.46839857249034192e-07
-1.12961816352381522e-13
1.46751839327118183e-07
-7.13556787895078004e-13
1.4666477544384058e-07
-1.77006283276503208e-13
1.46578885303411607e-07
6.18266051573727263e-13
1.46493904837803396e-07
1.03909675875894344e-12
1.46410139114228799e-07
1.2862836732533265e-12
1.46327307263209095e-07
1.0990915425132319e-12
1.46246367329750356e-07
3.50179182324551651e-13
1.46166918410708788e-07
-2.08746710938633601e-13
1.46089136803310717e-07
-7.67434998898054112e-13
1.46012946141283919e-07
-5.92836934804547636e-13
1.45938477292420896e-07
-6.93442458420394019e-13
1.45865328240526323e-07
-5.32505103019779456e-14
1.45793646539785723e-07
1.72381479664571021e-13
1.45723440960838066e-07
3.60943930364580725e-13
1.45654486717058367e-07
6.97267904965256353e-13
1.45587258302905124e-07
2.2074435958591497e-13
1.45521901925522073e-07
-4.9076920743964686e-13
1.45457691232260321e-07
3.09433709789116226e-13
1.45395358834648228e-07
1.3609791552029105e-13
1.45335115354622881e-07
-2.85676136558277836e-13
1.45276507628485552e-07
-5.75323449040069913e-13
1.45219394388872507e-07
-5.95739955618976019e-13
1.4516364904660448e-07
4.27019029060880926e-13
1.45109872014236499e-07
1.45052001241228904e-13
1.45057969553540287e-07
-4.64902360054778499e-13
1.45007595911952977e-07
-1.10303921367157337e-13
1.44959096792199183e-07
-3.89304877063695297e-14
1.44912375470928512e-07
2.44290219124128618e-13
1.44867877854916363e-07
3.52109509489890682e-13
1.44824502666070865e-07
2.08209020366994409e-12
1.44782338236315801e-07
2.70099067281008231e-12
1.44742791828507434e-07
5.44930077107891293e-13
1.44705773284365368e-07
-1.46879477417102646e-12
1.44669755416998207e-07
3.42918738988972758e-13
1.44635118860273319e-07
1.49105170525844609e-12
1.44602752451927429e-07
6.23935310380397931e-13
1.44573208809695861e-07
-1.44553343720323872e-13
1.44544933303595002e-07
-1.1211345521397773e-13
1.44518523759841429e-07
2.76878206356982668e-14
1.44494921623613663e-07
-8.99813841071624495e-13
1.44471897045118582e-07
1.22270861245858216e-12
1.44449862745848882e-07
2.69895041242912839e-12
1.44430838250511238e-07
-8.67177003200713212e-13
1.44413884698877344e-07
-2.55759555117114899e-12
1.44398723271160944e-07
-2.3743746775606757e-12
1.44385135067155358e-07
5.45246868055748417e-13
1.44374132307662585e-07
1.01441589563464922e-13
1.4436397511215915e-07
8.65072663246900059e-13
1.44354318859020117e-07
-1.25327929918221492e-12
1.44346350975810318e-07
-2.14136168150466988e-12
1.4434107116479934e-07
-1.50149481267394224e-12
1.44337760932407074e-07
-2.18000137026262191e-12
1.44336146957424372e-07
-1.63590820601390619e-12
-2.19578408963266478e-12
1.48827853047857875e-07
-1.36476635821208268e-11
1.48722649231783232e-07
-1.15344039386991042e-11
1.4861371829110015e-07
-6.03320579252694005e-12
1.4850412732835775e-07
-4.30224919591080044e-12
1.48401140914698636e-07
-4.3377688670870329e-12
1.48308612742605832e-07
-1.03670093313400246e-11
1.48213763453460802e-07
-8.29292052282564557e-12
1.48110864256100337e-07
-3.13994678078523892e-12
1.48008559180183205e-07
-2.7239985698227562e-12
1.47903685575958946e-07
3.87303929725310224e-12
1.47795148997770204e-07
6.68922984823053594e-12
1.47692585448523031e-07
4.59311397295814896e-13
1.47591158112054073e-07
5.98176278287910711e-13
1.47494784814152977e-07
-3.03123274429961665e-12
1.47397027428970729e-07
-8.33218024167274318e-14
1.47305735592587374e-07
-3.45519303471663708e-12
1.47214148127204991e-07
-1.90744962363347713e-12
1.47117750198860123e-07
2.45947770273173067e-12
1.47023471775120955e-07
1.84251384031542896e-12
1.46932212069180658e-07
-9.32794418727220457e-14
1.4684182622057629e-07
2.20628765545515924e-13
1.46751598303902253e-07
7.42091648248154817e-13
1.46664067492270403e-07
-1.2182383595317657e-13
1.46577178700792405e-07
1.35873009300016831e-12
1.46491320669718545e-07
2.09355130988458784e-12
1.46408116404086485e-07
1.05945649185302909e-12
1.46326873437774897e-07
3.00776280214386464e-13
1.46247763876420717e-07
-1.16564537477881031e-12
1.4616824809089213e-07
1.13916872104871967e-13
1.46089526394398797e-07
2.18414773002451268e-13
1.46012396108311087e-07
2.75109720384308926e-13
1.45937380487192513e-07
-4.43966361380378018e-13
1.45863786207824649e-07
2.8913619239213672e-13
1.45791698059099953e-07
5.41919759168307073e-13
1.45722023819414396e-07
-1.30196723616454868e-13
1.45654752916778239e-07
-6.27594264822358332e-13
1.45587950850750148e-07
1.70168287244753179e-14
1.45521921350925091e-07
1.38320376490741098e-13
1.45459343679558499e-07
-8.88688076920862443e-13
1.45396533246701881e-07
8.11773294018600718e-13
1.45335054129289476e-07
7.16912688010994921e-13
1.4527583796015134e-07
-1.60918856378197931e-13
1.4521844346916418e-07
-3.11868772204014684e-13
1.45164783474354726e-07
-1.31606436042215223e-12
1.45111231239307956e-07
1.71207645707230511e-14
1.45057713884015218e-07
1.1109529394206313e-12
1.45005940526610563e-07
1.47424650470924212e-12
1.44955584553924069e-07
1.89497696834302283e-12
1.44906087751757184e-07
3.09838298585369296e-12
1.44858802250630998e-07
2.78649427135711498e-12
1.44819286209909031e-07
-1.45072088983392383e-12
1.44784645273504919e-07
-3.89456121469143066e-12
1.4474615852539787e-07
-3.84273320708355386e-13
1.44705057490478418e-07
2.04414594790170978e-12
1.44670091905207644e-07
-4.46423884099992285e-13
1.44639548646685758e-07
-1.88299910323746884e-12
1.44607534478651645e-07
5.60915814576493144e-13
1.44575998588502348e-07
1.15568899393708935e-12
1.44546710845277191e-07
7.81348835865501442e-13
1.44517963963094271e-07
2.22073589354617302e-12
1.44488700317997465e-07
3.64791219026603179e-12
1.44468999437388641e-07
-1.95724426383004492e-12
1.44451976992221324e-07
-1.32835289830359832e-12
1.4443145065201753e-07
4.36068885971947137e-13
1.44412120835167546e-07
-6.29676963847689125e-13
1.44400493335530911e-07
-6.33313358144820017e-12
1.44385480013827124e-07
1.78196213869049267e-12
1.44367635789371112e-07
5.97289274166414552e-12
1.44357265076655881e-07
1.06079419462753681e-12
1.4435167560512802e-07
-4.04906646674991849e-12
1.44347246194019283e-07
-4.32098242114742267e-12
1.44344465758449823e-07
-3.5796293146154532e-12
1.44342008190854164e-07
-2.87104375876301287e-12
1.44341564872556237e-07
-2.67354245065660545e-12
-2.6427135113389201e-12
1.48829783620422435e-07
-1.38026270379843062e-11
1.48724306923452816e-07
-1.48320692476236323e-11
1.48619108616662495e-07
-8.91048484436581777e-12
1.48517057000695918e-07
-9.60730723675437403e-12
1.48414100930966541e-07
-7.97416743831923826e-12
1.48306549686336726e-07
-8.60826884080927919e-12
1.48203229932076991e-07
-9.9471441089275579e-12
1.4809863929897335e-07
-2.64761318794141e-12
1.47993801971711235e-07
-1.10305540680483475e-12
1.47892029826745275e-07
3.36941317058942299e-12
1.47789232742221747e-07
8.16435690923468675e-12
1.47690720751970452e-07
-1.35159940673866349e-12
1.47593537221416271e-07
-1.5156250923380478e-12
1.47495078813520568e-07
-2.81372302764627758e-12
1.47398927059785314e-07
-1.08322530246229508e-12
1.47301970006730658e-07
-2.53470792782516493e-12
1.47206956220953258e-07
-1.78581041818377657e-12
1.47113754634894165e-07
1.94242254583361644e-12
1.47020205499994951e-07
2.86847184289479243e-12
1.46929343140245368e-07
-5.25531159413569564e-13
1.46839005880123904e-07
5.09669954325200559e-13
1.46750818432974619e-07
1.6064296135821419e-13
1.46664488870702269e-07
-1.26453256423521402e-12
1.46578720534388794e-07
9.815614757833511e-13
1.46493156096286467e-07
2.85719515376352478e-12
1.46408976503470259e-07
1.81023409954372507e-12
1.46326707183560358e-07
5.31066715212798796e-13
1.46246383532193432e-07
-1.4655470783115908e-12
1.46167572834098567e-07
-2.66528700442766076e-13
1.46089758816075642e-07
2.98006525169486069e-13
1.46012801291498836e-07
9.7205192287340688e-13
1.45938108301956963e-07
-5.1567023538765082e-13
1.45864445541064041e-07
7.01669422252211472e-13
1.45791854841941101e-07
1.4153088942863282e-12
1.4572197117568002e-07
-4.10210170939754505e-13
1.45653554880728062e-07
-8.05604038949852056e-13
1.45586800077802525e-07
-2.31874760226350827e-13
1.45522421565723713e-07
-8.81485757494865207e-13
1.45457829196743697e-07
-6.90480312410961642e-14
1.45394458207523342e-07
2.05032950910531734e-12
1.45333682937213376e-07
1.01835094893057759e-12
1.45275323815085157e-07
-6.01201393125743089e-13
1.45219439174535376e-07
-1.53498376297485937e-12
1.45163612186337306e-07
-8.89551884043299523e-13
1.45108723917958252e-07
1.22827819937211566e-12
1.45056649657803481e-07
1.24666246350400003e-12
1.45006744149095289e-07
1.19439633572321377e-12
1.44959893593773224e-07
3.26554183080268622e-13
1.44913879432822541e-07
2.47330296416680697e-12
1.44868095585297859e-07
3.72222652526241214e-12
1.44824437829391657e-07
-8.3857414290508438e-13
1.44781773861413505e-07
-2.4642652829925362e-12
1.44741884056782378e-07
9.2535511727708922e-14
1.44706054113702907e-07
2.88213708993463711e-13
1.44670568318559807e-07
-7.13296786530153717e-13
1.44635616721868115e-07
-8.47187034612090595e-13
1.44602884230162109e-07
1.21759371606045797e-12
1.4457242914899426e-07
1.37563045918991534e-12
1.44544833207015042e-07
-1.66041046482094981e-14
1.44519307858395154e-07
1.19164714582682377e-12
1.44495538105060981e-07
2.70123907448623661e-12
1.44471356761518478e-07
-6.57949952887279391e-13
1.44447731244562553e-07
1.2461207969386609e-12
1.4442821430380942e-07
7.27889164751665157e-13
1.44413220911829924e-07
-3.04002717466876294e-12
1.44404255714476128e-07
-1.29565840602511108e-11
1.44389818239148383e-07
2.4405903188763908e-12
1.44373210915980912e-07
1.06047199136113265e-11
1.44359395444327894e-07
4.69896485893905894e-12
1.44350249907016719e-07
-3.29119779915327027e-12
1.44345723923197397e-07
-6.4057207712996628e-12
1.44340155149292377e-07
-2.87109103166718138e-12
1.44337253118464938e-07
-3.11857688273814825e-12
1.44336060527032829e-07
-2.96238894873125646e-12
-3.12069937006204018e-12
1.4883454586137164e-07
-2.18121649213196944e-11
1.48730432277722239e-07
-1.94839213922603833e-11
1.48623656792039086e-07
-1.02015496977644609e-11
1.4851840956398832e-07
-1.17078990680259826e-11
1.48409441183645002e-07
-5.58946156808935067e-12
1.48303562768176087e-07
-8.51381396942284006e-12
1.48186353899214211e-07
2.2962394914618571e-12
1.48088034781992821e-07
-8.41851273911880357e-12
1.47985762252293233e-07
-2.03923904731098725e-12
1.47897293489350463e-07
-1.04299059718010369e-11
1.47817286410282945e-07
-1.31430043942315915e-11
1.47711507248856961e-07
4.1117432640154517e-12
1.47601594790321402e-07
9.10649608370043328e-12
1.47499549115828416e-07
9.98141597911607394e-13
1.47400458294257635e-07
8.62166263622909611e-13
1.47303383541999196e-07
-1.49052643728519807e-12
1.47204534815622243e-07
2.17644642266903132e-12
1.47116594699763395e-07
-3.8310060562171028e-12
1.47028693895160046e-07
-1.74880419291385871e-12
1.4693367450343114e-07
3.20373483523736465e-12
1.46841187312680678e-07
2.95282409524878147e-12
1.46749256523037698e-07
3.32628454562404618e-12
1.46655577538344562e-07
4.94574764422263603e-12
1.46572726316344661e-07
-2.30975016029212006e-12
1.46492015766638973e-07
-1.23010401936789248e-12
1.46413520889418512e-07
-3.12123802986850661e-12
1.46331970629306238e-07
4.48890450666209949e-14
1.46248344937762118e-07
1.53868668877855777e-12
1.46166846722046948e-07
2.04241548072638671e-12
1.46090418764795353e-07
-1.00740876881733115e-12
1.46012998808980513e-07
2.13322219698683763e-12
1.45936337888677503e-07
1.38203288670560972e-12
1.45868205363028338e-07
-4.41447377592882531e-12
1.45795874548548764e-07
2.03035972589798785e-12
1.45721799351910239e-07
3.50310031919593504e-12
1.45651855913255376e-07
5.45220207034336041e-13
1.45583384411171131e-07
1.23793508064573655e-12
1.45516138340882363e-07
9.67739486055816545e-13
1.4545326533369049e-07
-9.67452222645828583e-13
1.45397272985802986e-07
-4.08797731613945068e-12
1.45338915550527911e-07
-1.09579265489257464e-12
1.45278283485878963e-07
1.23368121800518298e-12
1.45219583255915675e-07
6.01644884724182948e-14
1.45165261259731652e-07
-1.96538746308626438e-12
1.45109926834081076e-07
2.88843173363451415e-12
1.45054391220184215e-07
4.84657989691003903e-12
1.45000266406580288e-07
5.13725636364128729e-12
1.44948832667523143e-07
3.34422015392321197e-12
1.44906541213465264e-07
-1.87152257554584102e-12
1.44869565702157262e-07
-4.14783857154526019e-12
1.4482699129635962e-07
-1.30701106917399379e-12
1.44786533937915517e-07
-3.23839759809932862e-12
1.44744898139895132e-07
2.31767283669787248e-12
1.44705175080901305e-07
2.42689484054479765e-12
1.44670235126233098e-07
-1.52461385036071305e-12
1.44638677457407448e-07
-3.20473656742304818e-12
1.44605477192077347e-07
2.34261597918624886e-12
1.44571297511180622e-07
5.31978552180776192e-12
1.44538121819182487e-07
4.76464778717064624e-12
1.44514211257018163e-07
-1.45373323154923759e-12
1.44495002078806495e-07
-2.80762769470160617e-12
1.44477508356788165e-07
-6.0485687406111604e-12
1.44454037066638973e-07
3.66414032921089858e-12
1.44429121542861687e-07
6.41544482690485916e-12
1.44403720510799954e-07
4.95451469297578817e-12
1.44365255871304658e-07
9.91593955137835432e-12
1.44363063930002654e-07
-9.14978008075633237e-12
1.44378399463667968e-07
-1.67100321001290745e-11
1.44379507103041702e-07
-6.58957182262333966e-12
1.44367207045244524e-07
6.18255844483637973e-13
1.44353279954493399e-07
9.0826818333255168e-13
1.44347520879316942e-07
-1.97454029592541246e-12
1.44343397517816673e-07
-2.14617534431037285e-12
1.44342266603202571e-07
-3.31402083268259798e-12
-3.38812799820491879e-12
1.48837037030343896e-07
-1.49477836338207245e-11
1.4872803009507877e-07
-1.92329064518404416e-11
1.4862269722926832e-07
-1.29267121445454769e-11
1.48518380297707288e-07
-1.47294549991180987e-11
1.48415627685402935e-07
-9.41210683213870455e-12
1.48313355155651466e-07
-1.20161674462526927e-11
1.48208802303861923e-07
1.89167716625890606e-12
1.48101181227307041e-07
-4.87870983663275346e-12
1.47998335559712487e-07
-2.39430838161860691e-12
1.47894284594724555e-07
-8.63889478872869046e-12
1.47790066819814129e-07
-1.02324754748985991e-11
1.47690809285108369e-07
3.06135339883007866e-12
1.47590392320794941e-07
1.02392496666244964e-11
1.47492434025634705e-07
7.28644604684011034e-13
1.47394992066796596e-07
1.16419293381907979e-12
1.47300413676611577e-07
-2.93618985175386619e-12
1.4720650559947974e-07
1.20321019127473188e-12
1.4711178711227948e-07
-2.82033772693937177e-12
1.47019146217628415e-07
-1.62165795305631544e-12
1.46928755947471589e-07
2.30929414595049704e-12
1.46839981410806712e-07
1.68695590699736796e-12
1.46751957378781665e-07
2.58987915459127546e-12
1.46664968265577294e-07
4.46906565398327488e-12
1.46577726626264625e-07
-1.20651796108361156e-12
1.46491777139416353e-07
-7.60500935184459161e-14
1.46407622929461351e-07
-2.38978019057120332e-12
1.46324718615116773e-07
9.14588652484325567e-13
1.46245498939995267e-07
1.3999294936753331e-13
1.46167528387839973e-07
8.25302817815420344e-13
1.46089887648783821e-07
-1.09685374735582757e-12
1.46011457403355064e-07
4.30565069709231387e-12
1.45937281102384319e-07
7.97913779714304803e-13
1.45867145068865541e-07
-7.52602187771133058e-12
1.45793057363915168e-07
4.40498958638990338e-12
1.45721183606320729e-07
5.21588616895116919e-12
1.45653748551824814e-07
-6.09613844919531869e-13
1.45586690344394232e-07
1.29569784047854247e-12
1.45522920991851573e-07
-6.56336508517425864e-13
1.45459755822109947e-07
-1.57233564014703294e-12
1.45393216706392867e-07
3.21819518955065123e-13
1.45331326676337926e-07
3.23549008970347529e-13
1.45273151359998821e-07
6.15280464977003092e-13
1.45217062504460831e-07
-9.54433621715394707e-13
1.45164511482713214e-07
-4.8088122604942434e-12
1.45110562336977931e-07
3.16473245933434647e-12
1.45057183759055369e-07
6.29312728714118407e-12
1.45006314134659335e-07
5.82704745188688706e-12
1.44957755086752484e-07
3.4910385467712475e-12
1.4491189724275471e-07
-2.64844630799865878e-12
1.4486428741474754e-07
-1.38007013469906373e-12
1.44821652478380789e-07
-1.7137535797790593e-12
1.44785320446449764e-07
-8.1348612655430907e-12
1.44744327204161024e-07
3.90072120786257654e-12
1.44703550170424728e-07
5.62147531376711924e-12
1.44669529318812742e-07
-3.25557966427417716e-12
1.44638929927695454e-07
-6.5193174994197222e-12
1.44606608797864273e-07
2.58698873703074438e-12
1.44573070874151391e-07
8.62226224486511049e-12
1.44542375493061858e-07
7.06311203397535246e-12
1.44516912354648031e-07
-2.54724408496115762e-12
1.44493581760332943e-07
-4.19844877777662423e-12
1.44477168669167971e-07
-1.25214640507330381e-11
1.44454200221311592e-07
5.57508253662833618e-12
1.44428778616713986e-07
1.26066336235564536e-11
1.44415309820596409e-07
1.01197063888929037e-12
1.44409502169106952e-07
1.29574487792093699e-13
1.4439034394659959e-07
-3.77863285331772981e-12
1.44365108470937723e-07
-3.45600368495387741e-12
1.44352803286036113e-07
-4.46937545088425192e-12
1.44345441754514131e-07
-4.12775789260481748e-13
1.44341775063612585e-07
-2.04180511275787655e-12
1.44337245536357772e-07
-2.30880693009562157e-12
1.44335574310183193e-07
-3.62765542393927869e-12
1.44335417738280408e-07
-4.64069842667328107e-12
-3.98071435124286068e-12
1.48844222222002164e-07
-2.41549430961871552e-11
1.48741922095650459e-07
-2.56794794020298386e-11
1.48629525574221819e-07
-8.57835438175467307e-12
1.48523075916549279e-07
-1.56091955168342071e-11
1.4841073932910422e-07
-3.6412550249580397e-12
1.48302247889886802e-07
-9.29068239347685442e-12
1.48202808169165938e-07
-3.61666582877237313e-12
1.48104647960381631e-07
-1.07912682962152845e-11
1.47999445502248398e-07
-3.83974298603348235e-13
1.47895325374698765e-07
-6.77068893051781398e-12
1.47777147570641085e-07
6.64620864877974041e-12
1.47689073076261546e-07
-9.16490440752957427e-12
1.47604310903269545e-07
-4.27527605312988551e-12
1.4750787029035517e-07
-1.05220666195771052e-12
1.47408118608581761e-07
3.78290811810367226e-12
1.47308344483473001e-07
8.19991896138355585e-13
1.47210737958650482e-07
3.93460369144985359e-12
1.47113923180536035e-07
2.92206433320758295e-13
1.47013869947399943e-07
5.92329905630420383e-12
1.46926866908119474e-07
-1.96790781903978544e-12
1.46835220340028574e-07
3.29803072429615881e-12
1.46751812442061144e-07
-2.75887096100465383e-12
1.4666845801132853e-07
3.61973520403368531e-13
1.46581515903739946e-07
-3.99583737982918317e-13
1.46495665384659359e-07
9.82812236124198519e-13
1.46410830680581145e-07
-9.74913341045369858e-13
1.46326727111579597e-07
2.98674558828393806e-12
1.46243588515818379e-07
2.66242083734026524e-12
1.46161580769281484e-07
3.64859638087389834e-12
1.46082428782215063e-07
3.28543188992632526e-13
1.46013328793922205e-07
-2.84865225289360387e-12
1.45938131392797069e-07
1.23658754387046512e-12
1.4585313949559824e-07
4.22092230429391826e-12
1.45798354296962638e-07
-1.25208583508051556e-11
1.45735809863631588e-07
-2.3972585505212391e-12
1.45656136348212341e-07
1.04755334376588957e-11
1.45584638103815455e-07
5.79608541616288618e-12
1.45516637123373233e-07
1.95287499879773458e-12
1.45453561527977655e-07
-2.2635674560714693e-12
1.45398181133833758e-07
-6.4240355751964938e-12
1.45337850851275668e-07
1.85709768138097172e-13
1.45272347390992573e-07
7.32677172444102026e-12
1.45212324655751415e-07
1.96825249011945284e-12
1.451402056949847e-07
1.19186391522053868e-11
1.45092673501473911e-07
-2.97099630277863988e-12
1.45057612704887686e-07
-1.05755274220547261e-11
1.45019186858513363e-07
-5.92485046613227165e-12
1.44971020315929579e-07
3.24734911468429701e-12
1.44915893138527058e-07
5.84687429923092616e-12
1.44869369794229536e-07
3.02825572781989609e-13
1.44821240701156398e-07
3.37588774858902049e-12
1.44767210558195489e-07
4.66740726948897808e-12
1.44746847594122958e-07
-1.51458034493479037e-11
1.44717953212846463e-07
-3.06792854067869333e-12
1.44664760320981317e-07
1.41856954580313096e-11
1.4461235441767892e-07
1.19710811299841701e-11
1.44591481342602406e-07
-8.61812795633718434e-12
1.44586186445385575e-07
-1.63207706571330423e-11
1.44565428638542817e-07
-5.78497771347414305e-13
1.44529789745030183e-07
6.53160576655958985e-12
1.44491040755480894e-07
9.82625767211519837e-12
1.44438008477918874e-07
1.76208237871885687e-11
1.44440616956883009e-07
-1.80940576019715741e-11
1.44453124337853996e-07
-1.91359195921322115e-11
1.44422321646084063e-07
1.4399461566746775e-11
1.44391422970241944e-07
1.54286517015023723e-11
1.44378358521121376e-07
-4.50454086040044375e-12
1.44376590424207909e-07
-1.36733426650144803e-11
1.44367110622995658e-07
-5.17754883124965529e-12
1.44354128905566932e-07
4.17225454463551029e-12
1.44344459508991636e-07
1.00809163250963747e-12
1.44344498234716766e-07
-7.21423743794325481e-12
1.44342004078123673e-07
-4.28833019884063234e-12
1.44341054733947477e-07
-5.17694761576268095e-12
-5.11780335187043407e-12
1.48848126156214466e-07
-8.55976494547871064e-12
1.48730312812334192e-07
-1.66033977316813725e-11
1.48625909064296323e-07
-1.22123908341552079e-11
1.48521445843934325e-07
-1.84663296647131532e-11
1.48416947542589895e-07
-5.69862677622990294e-12
1.48314668269173149e-07
-1.27689805275241936e-11
1.48208781861298491e-07
-2.66878768617930302e-12
1.48105209304891315e-07
-1.12834961000724856e-11
1.47999093354583285e-07
2.54936837446226025e-12
1.47896676098492918e-07
-6.59774632224164965e-12
1.47795292719113087e-07
6.73964085921910184e-12
1.47692480898273455e-07
-6.64678294213377426e-12
1.47589322282426079e-07
-3.84334727670045455e-13
1.47493138724897076e-07
-3.08224535129410131e-12
1.4739451867655894e-07
5.27822297632778745e-12
1.47298812890903914e-07
5.12744376781573561e-13
1.47202902108344236e-07
4.97740962362892317e-12
1.47110020850551196e-07
-5.23861490328738179e-13
1.47018458626854111e-07
4.98394990446941995e-12
1.46927766219037905e-07
-2.55168890254006666e-12
1.46837877522361789e-07
3.15733204130029856e-12
1.46749334127208315e-07
-2.96869209303317463e-12
1.46660718857196709e-07
1.52126310795269222e-12
1.46576602228863076e-07
-2.41535624531890956e-12
1.46492045793443307e-07
7.52431049116381129e-13
1.46409184100639111e-07
-1.53124328038002059e-12
1.46325071171492727e-07
5.07287038998178962e-12
1.46244285000479153e-07
2.83427494732335888e-12
1.46165562028205098e-07
3.191180901493262e-12
1.46089064281851086e-07
-9.00053652532025173e-13
1.46012807531141711e-07
-2.84293508411821746e-12
1.45938048154415385e-07
1.23812505455344597e-12
1.45868887126021781e-07
1.40109534166156009e-13
1.45790931168089188e-07
-6.27678554142157302e-12
1.45720739705172787e-07
-2.36159469997348269e-12
1.4564988736707856e-07
1.27394011084240116e-11
1.45579714756342988e-07
8.97506583210368983e-12
1.4551810625718155e-07
-1.82841052151538674e-12
1.45456864171238364e-07
-4.78375676855339855e-12
1.4539216659309676e-07
-3.8514391240941107e-12
1.4533316549042735e-07
-1.27686383974099552e-12
1.45272878105635346e-07
8.82315260165991633e-12
1.45219402166501029e-07
-1.65150975308224213e-12
1.45167900680619112e-07
8.02961928690533536e-12
1.45110852530111336e-07
4.14894375171165563e-13
1.45057068660462567e-07
-8.71681749404664358e-12
1.45008313677271154e-07
-7.34109744543746484e-12
1.44956440335792103e-07
6.71086589376698094e-12
1.44907134391252113e-07
8.52475362237705397e-12
1.44864846663843508e-07
-2.25185951486345108e-12
1.4482515430860865e-07
3.14617984933014985e-14
1.44789553134939212e-07
-9.59304368258305002e-13
1.4474486825442076e-07
-9.86649561150470291e-12
1.4470530992531026e-07
-1.09163535010515021e-12
1.44667693729363084e-07
1.60526767623270182e-11
1.4463850128495114e-07
7.24545558101589111e-12
1.44606633719564003e-07
-8.82806162927325541e-12
1.44571381952451952e-07
-1.1311173614368098e-11
1.44538168749290395e-07
4.23510422931000682e-12
1.44515045414974727e-07
3.08999119537280712e-12
1.44495693952705837e-07
4.45176205255290472e-12
1.44484848663472084e-07
5.5702424205050239e-12
1.4445892641314607e-07
-1.3236136796017801e-11
1.44432520752423747e-07
-1.19721941525064236e-11
1.44407582812385856e-07
2.19184336059701833e-11
1.4439264969184837e-07
1.47555101991654803e-11
1.44381143317744125e-07
-6.79097737976327867e-12
1.44360212553611925e-07
-4.73570186692588356e-12
1.44352968756856349e-07
-8.12402330571322606e-12
1.44344188993458321e-07
4.5496075322595263e-12
1.44341790065374548e-07
-3.21435488953854171e-12
1.44336499555599866e-07
-6.79427812876902275e-12
1.4433308354234917e-07
-4.03056716797039282e-12
1.44333793851422289e-07
-7.37615121425037771e-12
-5.01280365378253972e-12
1.48825770570971038e-07
-1.68640121853838476e-11
1.48735494498996513e-07
-3.50537606749676477e-11
1.48613940520766501e-07
1.31289691283820118e-12
1.4850824106903334e-07
-2.00769873940924241e-11
1.48395607835557747e-07
3.87466633723376497e-13
1.4829519217596281e-07
-1.81009406794172303e-11
1.48185638416190523e-07
1.95455114292985168e-12
1.48082459725371103e-07
-1.21597213782884676e-11
1.47976247439303788e-07
5.58682474361769102e-12
1.47876228880595728e-07
-8.81407038890622405e-12
1.4777515996985543e-07
6.52582587937664404e-12
1.47676409920276978e-07
-8.18131623210864393e-12
1.47572470353287599e-07
4.29416429913351903e-12
1.47476218947623258e-07
-5.03636534322699669e-12
1.47378176504900075e-07
6.20176525847403949e-12
1.4728360052899864e-07
-9.16576108341150648e-13
1.47186969290197431e-07
6.74577329500481514e-12
1.47094367076538494e-07
-1.61210738131925092e-12
1.47001843371027425e-07
5.01048232914171716e-12
1.46910419940700307e-07
-2.39772864775001234e-12
1.46819342752226676e-07
4.20882412791453433e-12
1.46730483685361882e-07
-2.85667013658456417e-12
1.46640349618806395e-07
4.20240696487518645e-12
1.46554549979739461e-07
-2.74250089169265115e-12
1.46466735587859608e-07
3.78254637435367084e-12
1.46387301500693675e-07
-5.51001206187189188e-12
1.46310580958115499e-07
-2.319305928253554e-13
1.46227866005525085e-07
4.93925466241797851e-12
1.46142336043193506e-07
9.54188906285318806e-12
1.46063241994146083e-07
4.71910021875813214e-13
1.45990770066777735e-07
-6.62109486329431431e-12
1.45915310839370455e-07
1.94358428195680113e-12
1.45832607406433656e-07
9.60344537979658005e-12
1.45782140447453552e-07
-2.75155981311651323e-11
1.45723292439715781e-07
-1.3670290952709929e-11
1.45636860392340358e-07
3.05838658073992936e-11
1.45553566916422464e-07
2.5276347128089002e-11
1.45482200180677279e-07
4.1546811664353785e-12
1.45425379001649721e-07
-1.17210941802871156e-11
1.45373713380976738e-07
-1.43056294303185047e-11
1.45329545614070573e-07
-1.75750559915349225e-11
1.45259864352005983e-07
1.97171041166415811e-11
1.4517001866283103e-07
3.1099962580244593e-11
1.45140832001931727e-07
-1.81668599375913784e-11
1.45097639423977876e-07
-1.00551009762140301e-11
1.45041356014000954e-07
-4.36196394872975066e-12
1.45001146527143771e-07
-1.73048259036102184e-11
1.44949998137909726e-07
9.45319392896969941e-12
1.4488411457319853e-07
2.77804878484964333e-11
1.4483995310397473e-07
-2.92548780545574913e-12
1.44801118923685781e-07
-4.17185748663309222e-12
1.44744980420238215e-07
1.39531694619469099e-11
1.44720493206899685e-07
-2.47873887764521042e-11
1.44713159378759439e-07
-3.13391828334989587e-11
1.44657095811240984e-07
3.63639713285264407e-11
1.44592812061070185e-07
3.76114506433295788e-11
1.44568515848973887e-07
-1.66134606948247047e-11
1.44569709889656022e-07
-4.2747533286464193e-11
1.44533743079204949e-07
1.17976084425873871e-11
1.44498349090982135e-07
1.19181917547284171e-11
1.44475388305395724e-07
2.68072499421728694e-12
1.44428245272806194e-07
2.98160102878898958e-11
1.44391589598879271e-07
2.35188002729790682e-12
1.44421589947916648e-07
-6.12174000352260628e-11
1.44423606534631523e-07
2.47366334502607382e-12
1.44361106448302053e-07
6.16478480447852904e-11
1.44340602873826605e-07
-8.41682660830045558e-14
1.44359146117464467e-07
-3.52719254321713656e-11
1.44365305241415696e-07
-2.44805936159988808e-11
1.44340101516024095e-07
2.13482963102249133e-11
1.44311994631630782e-07
1.82661326512304931e-11
1.44322200816122542e-07
-2.18755773737495518e-11
1.44325094647515833e-07
-1.008876466161138e-11
1.4431976254777014e-07
-3.53782720521727297e-12
-7.22282814116731491e-12
1.48070430770079792e-07
8.53381412898439242e-12
1.47958291028919006e-07
-3.1632016637387419e-11
1.47847587755334827e-07
3.99554568975637848e-12
1.4774534128433244e-07
-2.51327405504165356e-11
1.47632587801437713e-07
6.60128189743342275e-12
1.47527513666819411e-07
-1.87671300654170822e-11
1.47416607205427016e-07
7.93761124684080141e-12
1.47314985891424109e-07
-1.45863265072045336e-11
1.47207717632382261e-07
9.6867306613837297e-12
1.47107310988989748e-07
-1.06353025774665702e-11
1.47002944534790469e-07
9.61596777985377567e-12
1.46902497161210173e-07
-8.01187155052034301e-12
1.46799752803403754e-07
7.78343175028829979e-12
1.46702447188835241e-07
-5.93038138509382289e-12
1.46604631441180095e-07
6.90412322835003919e-12
1.46512580579006466e-07
-4.86483737096512586e-12
1.46418184091722723e-07
6.28422744143885021e-12
1.46326662018286755e-07
-3.77569199170773245e-12
1.46233587408304366e-07
5.59198306434679534e-12
1.46143567054610126e-07
-3.64265958507443413e-12
1.46052572856100726e-07
5.18077564672494273e-12
1.45963950822790335e-07
-2.97800726155029304e-12
1.45876327416073883e-07
4.37583712752921662e-12
1.45788739706909335e-07
-1.27841185634036611e-12
1.45704101148208784e-07
3.63918220124964161e-12
1.45616493314069825e-07
-1.31226315123457646e-12
1.45533338184782268e-07
9.00173606281594979e-13
1.45460227432742446e-07
-2.55722065404711105e-12
1.45388034697149986e-07
2.55687123084367892e-12
1.4531079913068851e-07
-1.28010022952249357e-14
1.45225678507493758e-07
2.25146408011698543e-12
1.45155282380193487e-07
-2.41154750570168682e-12
1.45086674757225792e-07
4.9717145851236497e-12
1.44987129030067252e-07
3.24886308924212347e-13
1.44900915039241413e-07
2.39265787024552418e-12
1.44867278174013177e-07
-4.35725078526855902e-12
1.4482642433108377e-07
-8.65146343837840193e-13
1.44760023952475643e-07
5.16394590985038953e-12
1.44683085450299619e-07
1.4512401691168777e-12
1.44606375153040221e-07
2.84884021940345494e-13
1.44527503814574862e-07
8.38717855940944703e-13
1.44492262350012323e-07
-3.82366736517044486e-12
1.44462660000904286e-07
3.60787096111346859e-12
1.44389331915828506e-07
-2.25093182758880049e-13
1.44324038816872878e-07
1.57329873423364253e-12
1.44265666208655273e-07
2.08765599258953984e-12
1.44198878344184943e-07
-6.91429619863431447e-13
1.44163771220541104e-07
-3.84629988646263414e-12
1.44145648144489626e-07
-7.27088165659634488e-13
1.44094008206044836e-07
3.87671972170997909e-12
1.44045686588022651e-07
1.11235893017989901e-12
1.44013626732731358e-07
4.78625727637313101e-12
1.43948460663402889e-07
9.67719813901118076e-13
1.43882962634811158e-07
-3.42663015983120596e-12
1.43887217135395427e-07
-3.64739656069287453e-12
1.43887696926689838e-07
3.2115120463787316e-12
1.43837962741729456e-07
1.03533242230055744e-12
1.43764975262002808e-07
-5.81575548780440415e-15
1.43751263291343628e-07
-2.90080727702920256e-12
1.43735093045303428e-07
1.517340621608775e-12
1.43712060073962059e-07
9.78383499898282148e-13
1.43714742621209626e-07
4.23230247236562833e-12
1.43692003532254062e-07
4.01680650140166494e-12
1.43610179430683181e-07
1.36099360174277069e-12
1.43606495065597558e-07
-1.12664851442826427e-11
1.4365316135051814e-07
-6.32458694615868034e-13
1.43632801883537122e-07
6.46682122931835617e-12
1.43588075578961322e-07
-2.54594157795256996e-12
1.4355271174074299e-07
6.82251802941369314e-13
1.4357038452340794e-07
-4.73181931834012366e-12
1.43581128000793016e-07
8.90704603516735818e-13
1.43555995366129039e-07
-1.62498451197385698e-12
1.43546713270445682e-07
-3.98056930361717062e-12
1.4354791448616601e-07
-6.24035340682423491e-12
-6.09440120443379819e-12
1.28300655285059989e-07
1.28160310387677732e-07
1.28056290769294154e-07
1.27923860028996581e-07
1.27823926404979598e-07
1.27699422617033439e-07
1.27602441126575963e-07
1.27483810579655196e-07
1.27390333452876536e-07
1.27277473837486228e-07
1.27185817741059791e-07
1.2707753093150128e-07
1.26986063005641279e-07
1.26881935226638263e-07
1.2679172913627578e-07
1.26690866517352977e-07
1.26602295319745642e-07
1.26504834980698439e-07
1.26417935920814722e-07
1.26323028504827171e-07
1.26238188707970984e-07
1.26146467408284197e-07
1.26063394534802159e-07
1.25975992100885184e-07
1.25894850277387371e-07
1.25810126980836618e-07
1.25729004522683215e-07
1.25645838355621284e-07
1.25569217817581715e-07
1.25491482879620869e-07
1.25417485569227372e-07
1.25340320263954715e-07
1.25272053273128836e-07
1.25200671539404062e-07
1.25132911894474847e-07
1.25059969865842746e-07
1.24992108951178804e-07
1.24931881170479901e-07
1.24869567546935312e-07
1.24807730224673254e-07
1.24748108829300625e-07
1.24685498408985002e-07
1.24632012258831925e-07
1.24576399490498894e-07
1.24524308381247243e-07
1.24474469143982115e-07
1.24423602334992917e-07
1.24371346904960187e-07
1.24323990720930056e-07
1.2428302675060136e-07
1.24241099588080174e-07
1.24204653691179234e-07
1.24166207495552746e-07
1.24125190753667214e-07
1.24085784022933974e-07
1.24055068900409751e-07
1.24024014863435182e-07
1.23993756865992119e-07
1.23962443003442369e-07
1.23937383633743691e-07
1.23913620553760394e-07
1.23894942279556064e-07
1.2387787864617486e-07
1.23859984492711859e-07
1.23831283038357371e-07
1.23815029168287976e-07
1.23807684324646167e-07
1.23793131188146956e-07
1.2378360665371866e-07
1.23770457722016277e-07
1.23764706341200213e-07
1.23758184465718641e-07
1.23751015016322096e-07
1.23743264173875062e-07
)
;

boundaryField
{
    reactingWall
    {
        type            calculated;
        value           uniform 0;
    }
    inertWall
    {
        type            calculated;
        value           uniform 0;
    }
    inlet
    {
        type            calculated;
        value           nonuniform List<scalar> 
20
(
-1.43600408282278878e-07
-1.43600374772431019e-07
-1.43600379905362932e-07
-1.43600360996145499e-07
-1.43600366788718428e-07
-1.43600354794775702e-07
-1.43600360405952661e-07
-1.43600352258803157e-07
-1.43600357726824718e-07
-1.43600352232691831e-07
-1.43600352582614826e-07
-1.43600358645556384e-07
-1.43600353670910497e-07
-1.43600362355987121e-07
-1.43600357215464443e-07
-1.43600369690129071e-07
-1.43600364319325504e-07
-1.43600383669040516e-07
-1.43600378848404198e-07
-1.43600412522919338e-07
)
;
    }
    outlet
    {
        type            calculated;
        value           nonuniform List<scalar> 
20
(
1.23738511039299596e-07
1.43548435607791429e-07
1.44330394709949502e-07
1.44329857186980227e-07
1.44348305590993454e-07
1.44329185292950611e-07
1.4436185764666245e-07
1.44337023317011829e-07
1.44336428606130603e-07
1.44341409774448533e-07
1.44336153207131718e-07
1.44341683348600643e-07
1.44336209759736322e-07
1.44342205105153753e-07
1.44335680798384173e-07
1.44341861540911331e-07
1.44333357083348092e-07
1.44321639159486299e-07
1.43546449955996504e-07
1.23736830956210343e-07
)
;
    }
    defaultFaces
    {
        type            empty;
        value           nonuniform List<scalar> 0();
    }
}


// ************************************************************************* //
