/*--------------------------------*- C++ -*----------------------------------*\
  =========                 |
  \\      /  F ield         | OpenFOAM: The Open Source CFD Toolbox
   \\    /   O peration     | Website:  https://openfoam.org
    \\  /    A nd           | Version:  8
     \\/     M anipulation  |
\*---------------------------------------------------------------------------*/
FoamFile
{
    version     2.0;
    format      ascii;
    class       labelList;
    note        "nPoints: 3822 nCells: 1800 nFaces: 7310 nInternalFaces: 3490";
    location    "constant/polyMesh";
    object      neighbour;
}
// * * * * * * * * * * * * * * * * * * * * * * * * * * * * * * * * * * * * * //


3490
(
1
15
2
16
3
17
4
18
5
19
6
20
7
21
8
22
9
23
10
24
11
25
12
26
13
27
14
28
29
300
16
30
17
31
18
32
19
33
20
34
21
35
22
36
23
37
24
38
25
39
26
40
27
41
28
42
29
43
44
375
31
45
32
46
33
47
34
48
35
49
36
50
37
51
38
52
39
53
40
54
41
55
42
56
43
57
44
58
59
450
46
60
47
61
48
62
49
63
50
64
51
65
52
66
53
67
54
68
55
69
56
70
57
71
58
72
59
73
74
525
61
75
62
76
63
77
64
78
65
79
66
80
67
81
68
82
69
83
70
84
71
85
72
86
73
87
74
88
89
600
76
90
77
91
78
92
79
93
80
94
81
95
82
96
83
97
84
98
85
99
86
100
87
101
88
102
89
103
104
675
91
105
92
106
93
107
94
108
95
109
96
110
97
111
98
112
99
113
100
114
101
115
102
116
103
117
104
118
119
750
106
120
107
121
108
122
109
123
110
124
111
125
112
126
113
127
114
128
115
129
116
130
117
131
118
132
119
133
134
825
121
135
122
136
123
137
124
138
125
139
126
140
127
141
128
142
129
143
130
144
131
145
132
146
133
147
134
148
149
900
136
150
137
151
138
152
139
153
140
154
141
155
142
156
143
157
144
158
145
159
146
160
147
161
148
162
149
163
164
975
151
165
152
166
153
167
154
168
155
169
156
170
157
171
158
172
159
173
160
174
161
175
162
176
163
177
164
178
179
1050
166
180
167
181
168
182
169
183
170
184
171
185
172
186
173
187
174
188
175
189
176
190
177
191
178
192
179
193
194
1125
181
195
182
196
183
197
184
198
185
199
186
200
187
201
188
202
189
203
190
204
191
205
192
206
193
207
194
208
209
1200
196
210
197
211
198
212
199
213
200
214
201
215
202
216
203
217
204
218
205
219
206
220
207
221
208
222
209
223
224
1275
211
225
212
226
213
227
214
228
215
229
216
230
217
231
218
232
219
233
220
234
221
235
222
236
223
237
224
238
239
1350
226
240
227
241
228
242
229
243
230
244
231
245
232
246
233
247
234
248
235
249
236
250
237
251
238
252
239
253
254
1425
241
255
242
256
243
257
244
258
245
259
246
260
247
261
248
262
249
263
250
264
251
265
252
266
253
267
254
268
269
1500
256
270
257
271
258
272
259
273
260
274
261
275
262
276
263
277
264
278
265
279
266
280
267
281
268
282
269
283
284
1575
271
285
272
286
273
287
274
288
275
289
276
290
277
291
278
292
279
293
280
294
281
295
282
296
283
297
284
298
299
1650
286
287
288
289
290
291
292
293
294
295
296
297
298
299
1725
301
375
302
376
303
377
304
378
305
379
306
380
307
381
308
382
309
383
310
384
311
385
312
386
313
387
314
388
315
389
316
390
317
391
318
392
319
393
320
394
321
395
322
396
323
397
324
398
325
399
326
400
327
401
328
402
329
403
330
404
331
405
332
406
333
407
334
408
335
409
336
410
337
411
338
412
339
413
340
414
341
415
342
416
343
417
344
418
345
419
346
420
347
421
348
422
349
423
350
424
351
425
352
426
353
427
354
428
355
429
356
430
357
431
358
432
359
433
360
434
361
435
362
436
363
437
364
438
365
439
366
440
367
441
368
442
369
443
370
444
371
445
372
446
373
447
374
448
449
376
450
377
451
378
452
379
453
380
454
381
455
382
456
383
457
384
458
385
459
386
460
387
461
388
462
389
463
390
464
391
465
392
466
393
467
394
468
395
469
396
470
397
471
398
472
399
473
400
474
401
475
402
476
403
477
404
478
405
479
406
480
407
481
408
482
409
483
410
484
411
485
412
486
413
487
414
488
415
489
416
490
417
491
418
492
419
493
420
494
421
495
422
496
423
497
424
498
425
499
426
500
427
501
428
502
429
503
430
504
431
505
432
506
433
507
434
508
435
509
436
510
437
511
438
512
439
513
440
514
441
515
442
516
443
517
444
518
445
519
446
520
447
521
448
522
449
523
524
451
525
452
526
453
527
454
528
455
529
456
530
457
531
458
532
459
533
460
534
461
535
462
536
463
537
464
538
465
539
466
540
467
541
468
542
469
543
470
544
471
545
472
546
473
547
474
548
475
549
476
550
477
551
478
552
479
553
480
554
481
555
482
556
483
557
484
558
485
559
486
560
487
561
488
562
489
563
490
564
491
565
492
566
493
567
494
568
495
569
496
570
497
571
498
572
499
573
500
574
501
575
502
576
503
577
504
578
505
579
506
580
507
581
508
582
509
583
510
584
511
585
512
586
513
587
514
588
515
589
516
590
517
591
518
592
519
593
520
594
521
595
522
596
523
597
524
598
599
526
600
527
601
528
602
529
603
530
604
531
605
532
606
533
607
534
608
535
609
536
610
537
611
538
612
539
613
540
614
541
615
542
616
543
617
544
618
545
619
546
620
547
621
548
622
549
623
550
624
551
625
552
626
553
627
554
628
555
629
556
630
557
631
558
632
559
633
560
634
561
635
562
636
563
637
564
638
565
639
566
640
567
641
568
642
569
643
570
644
571
645
572
646
573
647
574
648
575
649
576
650
577
651
578
652
579
653
580
654
581
655
582
656
583
657
584
658
585
659
586
660
587
661
588
662
589
663
590
664
591
665
592
666
593
667
594
668
595
669
596
670
597
671
598
672
599
673
674
601
675
602
676
603
677
604
678
605
679
606
680
607
681
608
682
609
683
610
684
611
685
612
686
613
687
614
688
615
689
616
690
617
691
618
692
619
693
620
694
621
695
622
696
623
697
624
698
625
699
626
700
627
701
628
702
629
703
630
704
631
705
632
706
633
707
634
708
635
709
636
710
637
711
638
712
639
713
640
714
641
715
642
716
643
717
644
718
645
719
646
720
647
721
648
722
649
723
650
724
651
725
652
726
653
727
654
728
655
729
656
730
657
731
658
732
659
733
660
734
661
735
662
736
663
737
664
738
665
739
666
740
667
741
668
742
669
743
670
744
671
745
672
746
673
747
674
748
749
676
750
677
751
678
752
679
753
680
754
681
755
682
756
683
757
684
758
685
759
686
760
687
761
688
762
689
763
690
764
691
765
692
766
693
767
694
768
695
769
696
770
697
771
698
772
699
773
700
774
701
775
702
776
703
777
704
778
705
779
706
780
707
781
708
782
709
783
710
784
711
785
712
786
713
787
714
788
715
789
716
790
717
791
718
792
719
793
720
794
721
795
722
796
723
797
724
798
725
799
726
800
727
801
728
802
729
803
730
804
731
805
732
806
733
807
734
808
735
809
736
810
737
811
738
812
739
813
740
814
741
815
742
816
743
817
744
818
745
819
746
820
747
821
748
822
749
823
824
751
825
752
826
753
827
754
828
755
829
756
830
757
831
758
832
759
833
760
834
761
835
762
836
763
837
764
838
765
839
766
840
767
841
768
842
769
843
770
844
771
845
772
846
773
847
774
848
775
849
776
850
777
851
778
852
779
853
780
854
781
855
782
856
783
857
784
858
785
859
786
860
787
861
788
862
789
863
790
864
791
865
792
866
793
867
794
868
795
869
796
870
797
871
798
872
799
873
800
874
801
875
802
876
803
877
804
878
805
879
806
880
807
881
808
882
809
883
810
884
811
885
812
886
813
887
814
888
815
889
816
890
817
891
818
892
819
893
820
894
821
895
822
896
823
897
824
898
899
826
900
827
901
828
902
829
903
830
904
831
905
832
906
833
907
834
908
835
909
836
910
837
911
838
912
839
913
840
914
841
915
842
916
843
917
844
918
845
919
846
920
847
921
848
922
849
923
850
924
851
925
852
926
853
927
854
928
855
929
856
930
857
931
858
932
859
933
860
934
861
935
862
936
863
937
864
938
865
939
866
940
867
941
868
942
869
943
870
944
871
945
872
946
873
947
874
948
875
949
876
950
877
951
878
952
879
953
880
954
881
955
882
956
883
957
884
958
885
959
886
960
887
961
888
962
889
963
890
964
891
965
892
966
893
967
894
968
895
969
896
970
897
971
898
972
899
973
974
901
975
902
976
903
977
904
978
905
979
906
980
907
981
908
982
909
983
910
984
911
985
912
986
913
987
914
988
915
989
916
990
917
991
918
992
919
993
920
994
921
995
922
996
923
997
924
998
925
999
926
1000
927
1001
928
1002
929
1003
930
1004
931
1005
932
1006
933
1007
934
1008
935
1009
936
1010
937
1011
938
1012
939
1013
940
1014
941
1015
942
1016
943
1017
944
1018
945
1019
946
1020
947
1021
948
1022
949
1023
950
1024
951
1025
952
1026
953
1027
954
1028
955
1029
956
1030
957
1031
958
1032
959
1033
960
1034
961
1035
962
1036
963
1037
964
1038
965
1039
966
1040
967
1041
968
1042
969
1043
970
1044
971
1045
972
1046
973
1047
974
1048
1049
976
1050
977
1051
978
1052
979
1053
980
1054
981
1055
982
1056
983
1057
984
1058
985
1059
986
1060
987
1061
988
1062
989
1063
990
1064
991
1065
992
1066
993
1067
994
1068
995
1069
996
1070
997
1071
998
1072
999
1073
1000
1074
1001
1075
1002
1076
1003
1077
1004
1078
1005
1079
1006
1080
1007
1081
1008
1082
1009
1083
1010
1084
1011
1085
1012
1086
1013
1087
1014
1088
1015
1089
1016
1090
1017
1091
1018
1092
1019
1093
1020
1094
1021
1095
1022
1096
1023
1097
1024
1098
1025
1099
1026
1100
1027
1101
1028
1102
1029
1103
1030
1104
1031
1105
1032
1106
1033
1107
1034
1108
1035
1109
1036
1110
1037
1111
1038
1112
1039
1113
1040
1114
1041
1115
1042
1116
1043
1117
1044
1118
1045
1119
1046
1120
1047
1121
1048
1122
1049
1123
1124
1051
1125
1052
1126
1053
1127
1054
1128
1055
1129
1056
1130
1057
1131
1058
1132
1059
1133
1060
1134
1061
1135
1062
1136
1063
1137
1064
1138
1065
1139
1066
1140
1067
1141
1068
1142
1069
1143
1070
1144
1071
1145
1072
1146
1073
1147
1074
1148
1075
1149
1076
1150
1077
1151
1078
1152
1079
1153
1080
1154
1081
1155
1082
1156
1083
1157
1084
1158
1085
1159
1086
1160
1087
1161
1088
1162
1089
1163
1090
1164
1091
1165
1092
1166
1093
1167
1094
1168
1095
1169
1096
1170
1097
1171
1098
1172
1099
1173
1100
1174
1101
1175
1102
1176
1103
1177
1104
1178
1105
1179
1106
1180
1107
1181
1108
1182
1109
1183
1110
1184
1111
1185
1112
1186
1113
1187
1114
1188
1115
1189
1116
1190
1117
1191
1118
1192
1119
1193
1120
1194
1121
1195
1122
1196
1123
1197
1124
1198
1199
1126
1200
1127
1201
1128
1202
1129
1203
1130
1204
1131
1205
1132
1206
1133
1207
1134
1208
1135
1209
1136
1210
1137
1211
1138
1212
1139
1213
1140
1214
1141
1215
1142
1216
1143
1217
1144
1218
1145
1219
1146
1220
1147
1221
1148
1222
1149
1223
1150
1224
1151
1225
1152
1226
1153
1227
1154
1228
1155
1229
1156
1230
1157
1231
1158
1232
1159
1233
1160
1234
1161
1235
1162
1236
1163
1237
1164
1238
1165
1239
1166
1240
1167
1241
1168
1242
1169
1243
1170
1244
1171
1245
1172
1246
1173
1247
1174
1248
1175
1249
1176
1250
1177
1251
1178
1252
1179
1253
1180
1254
1181
1255
1182
1256
1183
1257
1184
1258
1185
1259
1186
1260
1187
1261
1188
1262
1189
1263
1190
1264
1191
1265
1192
1266
1193
1267
1194
1268
1195
1269
1196
1270
1197
1271
1198
1272
1199
1273
1274
1201
1275
1202
1276
1203
1277
1204
1278
1205
1279
1206
1280
1207
1281
1208
1282
1209
1283
1210
1284
1211
1285
1212
1286
1213
1287
1214
1288
1215
1289
1216
1290
1217
1291
1218
1292
1219
1293
1220
1294
1221
1295
1222
1296
1223
1297
1224
1298
1225
1299
1226
1300
1227
1301
1228
1302
1229
1303
1230
1304
1231
1305
1232
1306
1233
1307
1234
1308
1235
1309
1236
1310
1237
1311
1238
1312
1239
1313
1240
1314
1241
1315
1242
1316
1243
1317
1244
1318
1245
1319
1246
1320
1247
1321
1248
1322
1249
1323
1250
1324
1251
1325
1252
1326
1253
1327
1254
1328
1255
1329
1256
1330
1257
1331
1258
1332
1259
1333
1260
1334
1261
1335
1262
1336
1263
1337
1264
1338
1265
1339
1266
1340
1267
1341
1268
1342
1269
1343
1270
1344
1271
1345
1272
1346
1273
1347
1274
1348
1349
1276
1350
1277
1351
1278
1352
1279
1353
1280
1354
1281
1355
1282
1356
1283
1357
1284
1358
1285
1359
1286
1360
1287
1361
1288
1362
1289
1363
1290
1364
1291
1365
1292
1366
1293
1367
1294
1368
1295
1369
1296
1370
1297
1371
1298
1372
1299
1373
1300
1374
1301
1375
1302
1376
1303
1377
1304
1378
1305
1379
1306
1380
1307
1381
1308
1382
1309
1383
1310
1384
1311
1385
1312
1386
1313
1387
1314
1388
1315
1389
1316
1390
1317
1391
1318
1392
1319
1393
1320
1394
1321
1395
1322
1396
1323
1397
1324
1398
1325
1399
1326
1400
1327
1401
1328
1402
1329
1403
1330
1404
1331
1405
1332
1406
1333
1407
1334
1408
1335
1409
1336
1410
1337
1411
1338
1412
1339
1413
1340
1414
1341
1415
1342
1416
1343
1417
1344
1418
1345
1419
1346
1420
1347
1421
1348
1422
1349
1423
1424
1351
1425
1352
1426
1353
1427
1354
1428
1355
1429
1356
1430
1357
1431
1358
1432
1359
1433
1360
1434
1361
1435
1362
1436
1363
1437
1364
1438
1365
1439
1366
1440
1367
1441
1368
1442
1369
1443
1370
1444
1371
1445
1372
1446
1373
1447
1374
1448
1375
1449
1376
1450
1377
1451
1378
1452
1379
1453
1380
1454
1381
1455
1382
1456
1383
1457
1384
1458
1385
1459
1386
1460
1387
1461
1388
1462
1389
1463
1390
1464
1391
1465
1392
1466
1393
1467
1394
1468
1395
1469
1396
1470
1397
1471
1398
1472
1399
1473
1400
1474
1401
1475
1402
1476
1403
1477
1404
1478
1405
1479
1406
1480
1407
1481
1408
1482
1409
1483
1410
1484
1411
1485
1412
1486
1413
1487
1414
1488
1415
1489
1416
1490
1417
1491
1418
1492
1419
1493
1420
1494
1421
1495
1422
1496
1423
1497
1424
1498
1499
1426
1500
1427
1501
1428
1502
1429
1503
1430
1504
1431
1505
1432
1506
1433
1507
1434
1508
1435
1509
1436
1510
1437
1511
1438
1512
1439
1513
1440
1514
1441
1515
1442
1516
1443
1517
1444
1518
1445
1519
1446
1520
1447
1521
1448
1522
1449
1523
1450
1524
1451
1525
1452
1526
1453
1527
1454
1528
1455
1529
1456
1530
1457
1531
1458
1532
1459
1533
1460
1534
1461
1535
1462
1536
1463
1537
1464
1538
1465
1539
1466
1540
1467
1541
1468
1542
1469
1543
1470
1544
1471
1545
1472
1546
1473
1547
1474
1548
1475
1549
1476
1550
1477
1551
1478
1552
1479
1553
1480
1554
1481
1555
1482
1556
1483
1557
1484
1558
1485
1559
1486
1560
1487
1561
1488
1562
1489
1563
1490
1564
1491
1565
1492
1566
1493
1567
1494
1568
1495
1569
1496
1570
1497
1571
1498
1572
1499
1573
1574
1501
1575
1502
1576
1503
1577
1504
1578
1505
1579
1506
1580
1507
1581
1508
1582
1509
1583
1510
1584
1511
1585
1512
1586
1513
1587
1514
1588
1515
1589
1516
1590
1517
1591
1518
1592
1519
1593
1520
1594
1521
1595
1522
1596
1523
1597
1524
1598
1525
1599
1526
1600
1527
1601
1528
1602
1529
1603
1530
1604
1531
1605
1532
1606
1533
1607
1534
1608
1535
1609
1536
1610
1537
1611
1538
1612
1539
1613
1540
1614
1541
1615
1542
1616
1543
1617
1544
1618
1545
1619
1546
1620
1547
1621
1548
1622
1549
1623
1550
1624
1551
1625
1552
1626
1553
1627
1554
1628
1555
1629
1556
1630
1557
1631
1558
1632
1559
1633
1560
1634
1561
1635
1562
1636
1563
1637
1564
1638
1565
1639
1566
1640
1567
1641
1568
1642
1569
1643
1570
1644
1571
1645
1572
1646
1573
1647
1574
1648
1649
1576
1650
1577
1651
1578
1652
1579
1653
1580
1654
1581
1655
1582
1656
1583
1657
1584
1658
1585
1659
1586
1660
1587
1661
1588
1662
1589
1663
1590
1664
1591
1665
1592
1666
1593
1667
1594
1668
1595
1669
1596
1670
1597
1671
1598
1672
1599
1673
1600
1674
1601
1675
1602
1676
1603
1677
1604
1678
1605
1679
1606
1680
1607
1681
1608
1682
1609
1683
1610
1684
1611
1685
1612
1686
1613
1687
1614
1688
1615
1689
1616
1690
1617
1691
1618
1692
1619
1693
1620
1694
1621
1695
1622
1696
1623
1697
1624
1698
1625
1699
1626
1700
1627
1701
1628
1702
1629
1703
1630
1704
1631
1705
1632
1706
1633
1707
1634
1708
1635
1709
1636
1710
1637
1711
1638
1712
1639
1713
1640
1714
1641
1715
1642
1716
1643
1717
1644
1718
1645
1719
1646
1720
1647
1721
1648
1722
1649
1723
1724
1651
1725
1652
1726
1653
1727
1654
1728
1655
1729
1656
1730
1657
1731
1658
1732
1659
1733
1660
1734
1661
1735
1662
1736
1663
1737
1664
1738
1665
1739
1666
1740
1667
1741
1668
1742
1669
1743
1670
1744
1671
1745
1672
1746
1673
1747
1674
1748
1675
1749
1676
1750
1677
1751
1678
1752
1679
1753
1680
1754
1681
1755
1682
1756
1683
1757
1684
1758
1685
1759
1686
1760
1687
1761
1688
1762
1689
1763
1690
1764
1691
1765
1692
1766
1693
1767
1694
1768
1695
1769
1696
1770
1697
1771
1698
1772
1699
1773
1700
1774
1701
1775
1702
1776
1703
1777
1704
1778
1705
1779
1706
1780
1707
1781
1708
1782
1709
1783
1710
1784
1711
1785
1712
1786
1713
1787
1714
1788
1715
1789
1716
1790
1717
1791
1718
1792
1719
1793
1720
1794
1721
1795
1722
1796
1723
1797
1724
1798
1799
1726
1727
1728
1729
1730
1731
1732
1733
1734
1735
1736
1737
1738
1739
1740
1741
1742
1743
1744
1745
1746
1747
1748
1749
1750
1751
1752
1753
1754
1755
1756
1757
1758
1759
1760
1761
1762
1763
1764
1765
1766
1767
1768
1769
1770
1771
1772
1773
1774
1775
1776
1777
1778
1779
1780
1781
1782
1783
1784
1785
1786
1787
1788
1789
1790
1791
1792
1793
1794
1795
1796
1797
1798
1799
)


// ************************************************************************* //
